01-12-18;00:00;5,5;87;3,5;1,7;3,7;165;0,0;0,0;1007,0;166,8;19,6;61;3,7;4,3;5,5;0;0;0,00;0,00;2,9;0;0,0;180;0,0;0,0
01-12-18;00:05;5,5;87;3,5;1,7;3,7;167;0,0;0,0;1007,1;166,8;19,6;61;3,7;4,3;5,5;0;0;0,00;0,00;2,9;0;0,0;180;0,0;0,0
01-12-18;00:10;5,5;87;3,5;2,0;3,7;166;0,0;0,0;1007,0;166,8;19,6;61;3,4;3,9;5,5;0;0;0,00;0,00;2,7;0;0,0;135;0,0;0,0
01-12-18;00:15;5,5;87;3,5;2,7;4,4;149;0,0;0,0;1007,1;166,8;19,6;61;4,4;3,3;5,5;0;0;0,00;0,00;2,2;0;0,0;135;0,0;0,0
01-12-18;00:20;5,5;87;3,5;1,4;4,4;153;0,0;0,0;1007,0;166,8;19,6;61;3,4;5,5;5,5;0;0;0,00;0,00;3,1;0;0,0;202;0,0;0,0
01-12-18;00:25;5,5;87;3,5;2,4;4,4;153;0,0;0,0;1007,0;166,8;19,6;61;3,4;3,6;5,5;0;0;0,00;0,00;2,4;0;0,0;135;0,0;0,0
01-12-18;00:30;5,5;87;3,5;1,7;3,4;142;0,0;0,0;1007,0;166,8;19,6;61;3,1;4,3;5,5;0;0;0,00;0,00;2,9;0;0,0;90;0,0;0,0
01-12-18;00:35;5,5;87;3,5;1,0;3,4;118;0,0;0,0;1007,0;166,8;19,6;61;2,0;5,5;5,5;0;0;0,00;0,00;3,4;0;0,0;135;0,0;0,0
01-12-18;00:40;5,6;87;3,6;1,4;3,1;125;0,0;0,0;1006,8;166,8;19,6;61;2,7;5,6;5,6;0;0;0,00;0,00;3,2;0;0,0;158;0,0;0,0
01-12-18;00:45;5,6;87;3,6;2,4;3,4;152;0,0;0,0;1007,0;166,8;19,6;61;3,4;3,7;5,6;0;0;0,00;0,00;2,5;0;0,0;158;0,0;0,0
01-12-18;00:50;5,6;87;3,6;2,4;3,4;149;0,0;0,0;1006,9;166,8;19,6;61;3,4;3,7;5,6;0;0;0,00;0,00;2,5;0;0,0;135;0,0;0,0
01-12-18;00:55;5,6;87;3,6;1,7;3,4;149;0,0;0,0;1007,0;166,8;19,6;61;2,4;4,4;5,6;0;0;0,00;0,00;3,0;0;0,0;158;0,0;0,0
01-12-18;01:00;5,6;87;3,6;1,0;3,4;156;0,0;0,0;1006,9;166,8;19,6;61;1,7;5,6;5,6;0;0;0,00;0,00;3,5;0;0,0;202;0,0;0,0
01-12-18;01:05;5,6;87;3,6;1,7;2,4;177;0,0;0,0;1006,7;166,8;19,6;61;2,4;4,4;5,6;0;0;0,00;0,00;3,0;0;0,0;180;0,0;0,0
01-12-18;01:10;5,6;87;3,6;1,4;2,4;201;0,0;0,0;1006,7;166,8;19,6;61;2,0;5,6;5,6;0;0;0,00;0,00;3,2;0;0,0;225;0,0;0,0
01-12-18;01:15;5,6;87;3,6;1,4;2,4;193;0,0;0,0;1006,7;166,8;19,6;61;2,4;5,6;5,6;0;0;0,00;0,00;3,2;0;0,0;180;0,0;0,0
01-12-18;01:20;5,6;87;3,6;1,7;2,4;165;0,0;0,0;1006,7;166,8;19,6;61;2,4;4,4;5,6;0;0;0,00;0,00;3,0;0;0,0;90;0,0;0,0
01-12-18;01:25;5,6;87;3,6;1,4;2,4;165;0,0;0,0;1006,7;166,8;19,6;61;2,0;5,6;5,6;0;0;0,00;0,00;3,2;0;0,0;225;0,0;0,0
01-12-18;01:30;5,6;87;3,6;1,0;2,4;163;0,0;0,0;1006,9;166,8;19,6;61;2,0;5,6;5,6;0;0;0,00;0,00;3,5;0;0,0;180;0,0;0,0
01-12-18;01:35;5,6;87;3,6;1,7;3,4;192;0,0;0,0;1006,7;166,8;19,6;61;3,4;4,4;5,6;0;0;0,00;0,00;3,0;0;0,0;180;0,0;0,0
01-12-18;01:40;5,6;87;3,6;2,0;3,4;163;0,0;0,0;1006,9;166,8;19,6;61;3,1;4,1;5,6;0;0;0,00;0,00;2,8;0;0,0;135;0,0;0,0
01-12-18;01:45;5,6;87;3,6;1,7;3,4;151;0,0;0,0;1006,8;166,8;19,6;61;2,7;4,4;5,6;0;0;0,00;0,00;3,0;0;0,0;135;0,0;0,0
01-12-18;01:50;5,7;87;3,7;1,7;3,1;146;0,0;0,0;1006,5;166,8;19,6;61;2,0;4,5;5,7;0;0;0,00;0,00;3,1;0;0,0;180;0,0;0,0
01-12-18;01:55;5,7;87;3,7;1,7;2,7;155;0,0;0,0;1006,7;166,8;19,6;61;2,4;4,5;5,7;0;0;0,00;0,00;3,1;0;0,0;158;0,0;0,0
01-12-18;02:00;5,7;87;3,7;1,7;2,7;155;0,0;0,0;1006,5;166,8;19,6;61;2,7;4,5;5,7;0;0;0,00;0,00;3,1;0;0,0;135;0,0;0,0
01-12-18;02:05;5,7;87;3,7;1,7;2,7;142;0,0;0,0;1006,7;166,8;19,6;61;2,7;4,5;5,7;0;0;0,00;0,00;3,1;0;0,0;135;0,0;0,0
01-12-18;02:10;5,7;87;3,7;1,4;2,7;146;0,0;0,0;1006,7;166,8;19,6;61;2,0;5,7;5,7;0;0;0,00;0,00;3,3;0;0,0;180;0,0;0,0
01-12-18;02:15;5,7;87;3,7;1,7;3,1;164;0,0;0,0;1006,8;166,8;19,6;61;3,1;4,5;5,7;0;0;0,00;0,00;3,1;0;0,0;180;0,0;0,0
01-12-18;02:20;5,7;87;3,7;1,7;3,4;162;0,0;0,0;1006,8;166,8;19,6;61;3,4;4,5;5,7;0;0;0,00;0,00;3,1;0;0,0;135;0,0;0,0
01-12-18;02:25;5,6;87;3,6;1,4;3,4;156;0,0;0,0;1006,8;166,8;19,6;61;2,0;5,6;5,6;0;0;0,00;0,00;3,2;0;0,0;158;0,0;0,0
01-12-18;02:30;5,6;87;3,6;2,0;3,4;168;0,0;0,0;1006,7;166,8;19,6;61;2,7;4,1;5,6;0;0;0,00;0,00;2,8;0;0,0;225;0,0;0,0
01-12-18;02:35;5,6;87;3,6;1,0;2,7;192;0,0;0,0;1006,7;166,8;19,6;61;2,0;5,6;5,6;0;0;0,00;0,00;3,5;0;0,0;180;0,0;0,0
01-12-18;02:40;5,6;87;3,6;2,0;3,1;177;0,0;0,0;1006,5;166,8;19,6;61;3,1;4,1;5,6;0;0;0,00;0,00;2,8;0;0,0;135;0,0;0,0
01-12-18;02:45;5,6;87;3,6;1,7;3,1;161;0,0;0,0;1006,4;166,8;19,6;61;2,4;4,4;5,6;0;0;0,00;0,00;3,0;0;0,0;180;0,0;0,0
01-12-18;02:50;5,6;88;3,8;2,0;3,1;162;0,0;0,0;1006,5;166,8;19,6;61;2,4;4,1;5,6;0;0;0,00;0,00;2,8;0;0,0;180;0,0;0,0
01-12-18;02:55;5,6;88;3,8;2,0;3,1;171;0,0;0,0;1006,5;166,8;19,6;61;3,1;4,1;5,6;0;0;0,00;0,00;2,8;0;0,0;158;0,0;0,0
01-12-18;03:00;5,6;88;3,8;1,0;3,1;151;0,0;0,0;1006,5;166,8;19,6;61;1,7;5,6;5,6;0;0;0,00;0,00;3,5;0;0,0;90;0,0;0,0
01-12-18;03:05;5,6;88;3,8;0,7;3,1;147;0,0;0,0;1006,5;166,8;19,6;61;1,0;5,6;5,6;0;0;0,00;0,00;3,7;0;0,0;270;0,0;0,0
01-12-18;03:10;5,6;88;3,8;1,4;2,0;182;0,0;0,0;1006,5;166,8;19,6;61;2,0;5,6;5,6;0;0;0,00;0,00;3,3;0;0,0;202;0,0;0,0
01-12-18;03:15;5,6;88;3,8;1,0;2,0;202;0,0;0,0;1006,4;166,8;19,6;61;1,4;5,6;5,6;0;0;0,00;0,00;3,5;0;0,0;158;0,0;0,0
01-12-18;03:20;5,6;88;3,8;1,7;2,7;183;0,0;0,0;1006,7;166,8;19,6;61;2,7;4,4;5,6;0;0;0,00;0,00;3,0;0;0,0;180;0,0;0,0
01-12-18;03:25;5,6;88;3,8;1,4;2,7;175;0,0;0,0;1006,5;166,8;19,6;61;2,4;5,6;5,6;0;0;0,00;0,00;3,3;0;0,0;180;0,0;0,0
01-12-18;03:30;5,6;88;3,8;1,7;2,7;181;0,0;0,0;1006,6;166,8;19,6;61;2,4;4,4;5,6;0;0;0,00;0,00;3,0;0;0,0;180;0,0;0,0
01-12-18;03:35;5,6;88;3,8;1,7;2,4;165;0,0;0,0;1006,3;166,8;19,6;61;2,4;4,4;5,6;0;0;0,00;0,00;3,0;0;0,0;135;0,0;0,0
01-12-18;03:40;5,6;88;3,8;1,7;2,7;174;0,0;0,0;1006,4;166,8;19,6;61;2,7;4,4;5,6;0;0;0,00;0,00;3,0;0;0,0;202;0,0;0,0
01-12-18;03:45;5,5;88;3,7;1,7;2,7;174;0,0;0,0;1006,2;166,8;19,6;61;2,4;4,3;5,5;0;0;0,00;0,00;2,9;0;0,0;180;0,0;0,0
01-12-18;03:50;5,5;88;3,7;1,7;2,7;181;0,0;0,0;1006,2;166,8;19,6;61;2,4;4,3;5,5;0;0;0,00;0,00;2,9;0;0,0;158;0,0;0,0
01-12-18;03:55;5,5;88;3,7;0,7;2,4;161;0,0;0,0;1006,1;166,8;19,6;61;1,4;5,5;5,5;0;0;0,00;0,00;3,6;0;0,0;135;0,0;0,0
01-12-18;04:00;5,6;88;3,8;0,7;2,4;163;0,0;0,0;1006,1;166,8;19,6;61;1,0;5,6;5,6;0;0;0,00;0,00;3,7;0;0,0;225;0,0;0,0
01-12-18;04:05;5,6;88;3,8;0,7;1,4;191;0,0;0,0;1006,2;166,8;19,6;61;1,0;5,6;5,6;0;0;0,00;0,00;3,7;0;0,0;225;0,0;0,0
01-12-18;04:10;5,6;89;3,9;1,4;1,7;205;0,0;0,0;1006,0;166,8;19,6;61;1,7;5,6;5,6;0;0;0,00;0,00;3,3;0;0,0;180;0,0;0,0
01-12-18;04:15;5,6;89;3,9;1,0;1,7;183;0,0;0,0;1006,0;166,8;19,6;61;1,4;5,6;5,6;0;0;0,00;0,00;3,6;0;0,0;158;0,0;0,0
01-12-18;04:20;5,6;89;3,9;1,7;2,7;174;0,0;0,0;1006,0;166,8;19,6;61;2,7;4,4;5,6;0;0;0,00;0,00;3,1;0;0,0;180;0,0;0,0
01-12-18;04:25;5,7;89;4,0;1,0;2,7;161;0,0;0,0;1005,9;166,8;19,6;61;1,7;5,7;5,7;0;0;0,00;0,00;3,7;0;0,0;135;0,0;0,0
01-12-18;04:30;5,7;89;4,0;0,7;2,7;181;0,0;0,0;1005,8;166,8;19,6;61;1,7;5,7;5,7;0;0;0,00;0,00;3,9;0;0,0;225;0,0;0,0
01-12-18;04:35;5,7;89;4,0;1,4;2,0;170;0,0;0,0;1005,7;166,8;19,6;61;2,0;5,7;5,7;0;0;0,00;0,00;3,4;0;0,0;158;0,0;0,0
01-12-18;04:40;5,8;90;4,3;0,7;2,0;186;0,0;0,0;1006,1;166,8;19,6;62;1,4;5,8;5,8;0;0;0,00;0,00;4,0;0;0,0;180;0,0;0,0
01-12-18;04:45;5,8;90;4,3;0,7;2,0;170;0,0;0,0;1005,9;166,8;19,6;63;1,4;5,8;5,8;0;0;0,00;0,00;4,0;0;0,0;180;0,0;0,0
01-12-18;04:50;5,8;90;4,3;1,0;1,4;181;0,0;0,0;1005,8;166,8;19,6;64;1,4;5,8;5,8;0;0;0,00;0,00;3,8;0;0,0;180;0,0;0,0
01-12-18;04:55;5,8;90;4,3;2,0;3,4;205;0,0;0,0;1005,9;166,8;19,6;65;3,4;4,3;5,8;0;0;0,00;0,00;3,1;0;0,0;225;0,0;0,0
01-12-18;05:00;5,9;90;4,4;1,0;3,4;229;0,0;0,0;1005,8;166,8;19,6;65;1,7;5,9;5,9;0;0;0,00;0,00;4,0;0;0,0;360;0,0;0,0
01-12-18;05:05;5,9;90;4,4;1,7;3,4;216;0,0;0,0;1006,0;166,8;19,7;66;2,7;4,7;5,9;0;0;0,00;0,00;3,5;0;0,0;180;0,0;0,0
01-12-18;05:10;5,9;90;4,4;1,4;2,7;181;0,0;0,0;1006,0;166,8;19,7;66;2,4;5,9;5,9;0;0;0,00;0,00;3,7;0;0,0;180;0,0;0,0
01-12-18;05:15;6,0;89;4,3;1,4;2,7;181;0,0;0,0;1006,0;166,8;19,7;66;2,0;6,0;6,0;0;0;0,00;0,00;3,8;0;0,0;180;0,0;0,0
01-12-18;05:20;6,0;89;4,3;1,4;3,1;161;0,0;0,0;1006,0;166,8;19,7;66;3,1;6,0;6,0;0;0;0,00;0,00;3,8;0;0,0;135;0,0;0,0
01-12-18;05:25;6,0;89;4,3;2,0;3,4;172;0,0;0,0;1006,0;166,8;19,7;65;3,4;4,5;6,0;0;0;0,00;0,00;3,3;0;0,0;202;0,0;0,0
01-12-18;05:30;6,0;89;4,3;2,0;3,4;173;0,0;0,0;1006,1;166,8;19,7;65;3,1;4,5;6,0;0;0;0,00;0,00;3,3;0;0,0;180;0,0;0,0
01-12-18;05:35;6,0;89;4,3;1,7;3,7;188;0,0;0,0;1006,2;166,8;19,7;65;3,7;4,8;6,0;0;0;0,00;0,00;3,6;0;0,0;180;0,0;0,0
01-12-18;05:40;6,0;89;4,3;1,7;3,7;195;0,0;0,0;1006,2;166,8;19,7;65;3,4;4,8;6,0;0;0;0,00;0,00;3,6;0;0,0;225;0,0;0,0
01-12-18;05:45;5,9;90;4,4;2,4;3,7;210;0,0;0,0;1006,3;166,8;19,7;65;3,4;4,0;5,9;0;0;0,00;0,00;3,0;0;0,0;225;0,0;0,0
01-12-18;05:50;5,9;90;4,4;3,1;4,4;208;0,0;0,0;1006,4;166,8;19,7;65;4,4;3,5;5,9;0;0;0,00;0,00;2,5;0;0,0;180;0,0;0,0
01-12-18;05:55;5,8;90;4,3;1,7;4,4;195;0,0;0,0;1006,3;166,8;19,7;65;2,7;4,6;5,8;0;0;0,00;0,00;3,3;0;0,0;180;0,0;0,0
01-12-18;06:00;5,8;90;4,3;2,4;4,4;181;0,0;0,0;1006,3;166,8;19,7;65;3,7;3,9;5,8;0;0;0,00;0,00;2,9;0;0,0;180;0,0;0,0
01-12-18;06:05;5,8;90;4,3;2,4;3,7;181;0,0;0,0;1006,3;166,8;19,7;66;3,7;3,9;5,8;0;0;0,00;0,00;2,9;0;0,0;180;0,0;0,0
01-12-18;06:10;5,8;90;4,3;2,7;3,7;194;0,0;0,0;1006,4;166,8;19,7;66;3,4;3,7;5,8;0;0;0,00;0,00;2,6;0;0,0;225;0,0;0,0
01-12-18;06:15;5,7;90;4,2;2,0;3,7;196;0,0;0,0;1006,1;166,8;19,7;65;2,7;4,2;5,7;0;0;0,00;0,00;3,0;0;0,0;180;0,0;0,0
01-12-18;06:20;5,7;90;4,2;2,4;3,7;196;0,0;0,0;1006,3;166,8;19,8;65;3,7;3,8;5,7;0;0;0,00;0,00;2,7;0;0,0;180;0,0;0,0
01-12-18;06:25;5,7;90;4,2;2,0;3,7;195;0,0;0,0;1006,5;166,8;19,8;65;3,1;4,2;5,7;0;0;0,00;0,00;3,0;0;0,0;225;0,0;0,0
01-12-18;06:30;5,8;90;4,3;1,7;3,7;213;0,0;0,0;1006,1;166,8;19,9;65;2,4;4,6;5,8;0;0;0,00;0,00;3,3;0;0,0;360;0,0;0,0
01-12-18;06:35;5,8;90;4,3;2,7;4,1;210;0,0;0,0;1006,2;166,8;19,9;65;4,1;3,7;5,8;0;0;0,00;0,00;2,6;0;0,0;180;0,0;0,0
01-12-18;06:40;5,8;90;4,3;2,4;4,1;212;0,0;0,0;1006,3;166,8;19,9;65;3,7;3,9;5,8;0;0;0,00;0,00;2,9;0;0,0;225;0,0;0,0
01-12-18;06:45;5,8;90;4,3;2,4;4,1;195;0,0;0,0;1006,3;166,8;19,9;65;3,7;3,9;5,8;0;0;0,00;0,00;2,9;0;0,0;180;0,0;0,0
01-12-18;06:50;5,8;90;4,3;2,7;4,4;194;0,0;0,0;1006,4;166,8;19,9;65;4,4;3,7;5,8;0;0;0,00;0,00;2,6;0;0,0;180;0,0;0,0
01-12-18;06:55;5,8;90;4,3;1,7;4,4;191;0,0;0,0;1006,3;166,8;19,9;65;2,7;4,6;5,8;0;0;0,00;0,00;3,3;0;0,0;225;0,0;0,0
01-12-18;07:00;5,8;90;4,3;1,7;4,4;199;0,0;0,0;1006,2;166,8;19,9;65;2,4;4,6;5,8;0;0;0,00;0,00;3,3;2;0,0;202;0,0;0,0
01-12-18;07:05;5,8;90;4,3;0,7;2,7;234;0,0;0,0;1006,3;166,8;19,9;65;1,7;5,8;5,8;0;0;0,00;0,00;4,0;6;0,0;338;0,0;0,0
01-12-18;07:10;5,8;90;4,3;1,7;2,4;236;0,0;0,0;1006,3;166,8;19,9;65;2,0;4,6;5,8;0;0;0,00;0,00;3,3;12;0,0;225;0,0;0,0
01-12-18;07:15;5,8;90;4,3;2,4;3,7;211;0,0;0,0;1006,2;166,8;19,9;65;3,7;3,9;5,8;0;0;0,00;0,00;2,9;22;0,0;180;0,0;0,0
01-12-18;07:20;5,8;90;4,3;1,7;3,7;207;0,0;0,0;1006,2;166,8;19,9;65;3,1;4,6;5,8;0;0;0,00;0,00;3,3;34;0,0;225;0,0;0,0
01-12-18;07:25;5,9;90;4,4;1,4;3,7;212;0,0;0,0;1006,3;166,8;19,9;65;2,0;5,9;5,9;0;0;0,00;0,00;3,7;49;0,0;248;0,0;0,0
01-12-18;07:30;6,0;89;4,3;1,7;3,1;232;0,0;0,0;1006,4;166,8;19,9;65;2,0;4,8;6,0;0;0;0,00;0,00;3,6;65;0,0;225;0,0;0,0
01-12-18;07:35;6,0;89;4,3;0,7;2,0;223;0,0;0,0;1006,6;166,8;19,9;65;1,4;6,0;6,0;0;0;0,00;0,00;4,3;83;0,0;180;0,0;0,0
01-12-18;07:40;6,1;89;4,4;1,4;2,0;214;0,0;0,0;1006,4;166,8;19,9;65;1,7;6,1;6,1;0;0;0,00;0,00;3,9;102;0,0;225;0,0;0,0
01-12-18;07:45;6,1;89;4,4;2,0;2,7;204;0,0;0,0;1006,2;166,8;20,0;64;2,7;4,6;6,1;0;0;0,00;0,00;3,5;121;0,0;202;0,0;0,0
01-12-18;07:50;6,1;89;4,4;2,4;3,1;190;0,0;0,0;1006,5;166,8;20,0;64;3,1;4,3;6,1;0;0;0,00;0,00;3,2;142;0,0;158;0,0;0,0
01-12-18;07:55;6,1;89;4,4;1,7;3,1;193;0,0;0,0;1006,4;166,8;20,0;64;2,4;5,0;6,1;0;0;0,00;0,00;3,7;163;0,0;225;0,0;0,0
01-12-18;08:00;6,1;89;4,4;3,1;4,1;205;0,0;0,0;1006,4;166,8;20,0;64;4,1;3,7;6,1;0;0;0,00;0,00;2,7;185;0,0;225;0,0;0,0
01-12-18;08:05;6,1;89;4,4;3,1;4,1;225;0,0;0,0;1006,5;166,8;20,0;64;4,1;3,7;6,1;0;0;0,00;0,00;2,7;207;0,0;225;0,0;0,0
01-12-18;08:10;6,1;90;4,6;2,0;4,1;214;0,0;0,0;1006,6;166,8;20,0;64;3,1;4,6;6,1;0;0;0,00;0,00;3,5;230;0,0;180;0,0;0,0
01-12-18;08:15;6,1;90;4,6;1,4;4,1;200;0,0;0,0;1006,4;166,8;20,0;64;2,4;6,1;6,1;0;0;0,00;0,00;3,9;252;0,0;180;0,0;0,0
01-12-18;08:20;6,1;90;4,6;1,0;3,1;181;0,0;0,0;1006,4;166,8;20,0;63;2,0;6,1;6,1;0;0;0,00;0,00;4,2;275;0,0;180;0,0;0,0
01-12-18;08:25;6,1;90;4,6;2,7;3,7;181;0,0;0,0;1006,7;166,8;20,0;63;3,7;4,0;6,1;0;0;0,00;0,00;3,0;298;0,0;180;0,0;0,0
01-12-18;08:30;6,1;90;4,6;2,0;3,7;181;0,0;0,0;1006,5;166,8;20,1;63;3,4;4,6;6,1;0;0;0,00;0,00;3,5;321;0,0;180;0,0;0,0
01-12-18;08:35;6,1;90;4,6;1,4;3,7;181;0,0;0,0;1006,4;166,8;20,1;63;2,4;6,1;6,1;0;0;0,00;0,00;3,9;343;0,0;180;0,0;0,0
01-12-18;08:40;6,1;90;4,6;2,0;3,4;164;0,0;0,0;1006,5;166,8;20,1;63;3,1;4,6;6,1;0;0;0,00;0,00;3,5;366;0,0;135;0,0;0,0
01-12-18;08:45;6,1;90;4,6;2,0;3,1;175;0,0;0,0;1006,5;166,8;20,1;63;2,4;4,6;6,1;0;0;0,00;0,00;3,5;389;0,0;225;0,0;0,0
01-12-18;08:50;6,1;90;4,6;1,0;3,1;174;0,0;0,0;1006,5;166,8;20,1;63;1,7;6,1;6,1;0;0;0,00;0,00;4,2;411;0,0;180;0,0;0,0
01-12-18;08:55;6,1;90;4,6;1,4;2,4;244;0,0;0,0;1006,3;166,8;20,1;63;2,4;6,1;6,1;0;0;0,00;0,00;3,9;434;0,0;315;0,0;0,0
01-12-18;09:00;6,1;90;4,6;1,4;2,7;243;0,0;0,0;1006,6;166,8;20,1;63;2,7;6,1;6,1;0;0;0,00;0,00;3,9;456;0,0;225;0,0;0,0
01-12-18;09:05;6,1;91;4,7;1,4;2,7;260;0,0;0,0;1006,4;166,8;20,1;63;2,4;6,1;6,1;0;0;0,00;0,00;3,9;478;0,0;248;0,0;0,0
01-12-18;09:10;6,1;91;4,7;2,7;4,4;210;0,0;0,0;1006,4;166,8;20,1;63;4,4;4,0;6,1;0;0;0,00;0,00;3,0;500;0,0;180;0,0;0,0
01-12-18;09:15;6,1;91;4,7;2,0;4,4;196;0,0;0,0;1006,3;166,8;20,1;63;2,7;4,6;6,1;0;0;0,00;0,00;3,5;521;0,0;180;0,0;0,0
01-12-18;09:20;6,1;91;4,7;2,0;4,4;159;0,0;0,0;1006,4;166,8;20,1;63;3,4;4,6;6,1;0;0;0,00;0,00;3,5;542;0,0;112;0,0;0,0
01-12-18;09:25;6,1;91;4,7;2,0;3,4;122;0,0;0,0;1006,5;166,8;20,1;63;3,1;4,6;6,1;0;0;0,00;0,00;3,5;563;0,0;90;0,0;0,0
01-12-18;09:30;6,1;91;4,7;1,0;3,4;123;0,0;0,0;1006,4;166,8;20,1;63;2,4;6,1;6,1;0;0;0,00;0,00;4,2;584;0,0;225;0,0;0,0
01-12-18;09:35;6,1;91;4,7;2,0;3,1;162;0,0;0,0;1006,4;166,8;20,2;63;2,7;4,6;6,1;0;0;0,00;0,00;3,5;604;0,0;180;0,0;0,0
01-12-18;09:40;6,1;91;4,7;2,0;3,7;202;0,0;0,0;1006,3;166,8;20,2;64;3,7;4,6;6,1;0;0;0,00;0,00;3,5;624;0,0;202;0,0;0,0
01-12-18;09:45;6,1;91;4,7;1,7;3,7;202;0,0;0,0;1006,4;166,8;20,2;64;2,4;5,0;6,1;0;0;0,00;0,00;3,7;644;0,0;225;0,0;0,0
01-12-18;09:50;6,2;91;4,8;1,7;3,7;202;0,0;0,0;1006,6;166,8;20,2;64;2,7;5,1;6,2;0;0;0,00;0,00;3,9;663;0,0;180;0,0;0,0
01-12-18;09:55;6,2;92;5,0;1,0;2,7;210;0,0;0,0;1006,5;166,8;20,2;63;2,7;6,2;6,2;0;0;0,00;0,00;4,4;682;0,0;225;0,0;0,0
01-12-18;10:01;6,2;92;5,0;1,4;2,7;225;0,0;0,0;1006,4;166,8;20,2;63;2,0;6,2;6,2;0;0;0,00;0,00;4,1;704;0,0;225;0,0;0,0
01-12-18;10:06;6,2;92;5,0;1,4;2,0;225;0,0;0,0;1006,4;166,8;20,2;63;2,0;6,2;6,2;0;0;0,00;0,00;4,1;722;0,0;225;0,0;0,0
01-12-18;10:11;6,4;92;5,2;1,7;2,0;199;0,0;0,0;1006,2;166,8;20,2;63;2,0;5,3;6,4;0;0;0,00;0,00;4,1;740;0,0;135;0,0;0,0
01-12-18;10:16;6,4;92;5,2;1,4;2,0;199;0,0;0,0;1006,4;166,8;20,2;63;2,0;6,4;6,4;0;0;0,00;0,00;4,3;757;0,0;225;0,0;0,0
01-12-18;10:21;6,4;92;5,2;1,4;2,0;199;0,0;0,0;1006,3;166,8;20,2;63;2,0;6,4;6,4;0;0;0,00;0,00;4,3;774;0,0;225;0,0;0,0
01-12-18;10:26;6,4;92;5,2;2,7;4,8;213;0,0;0,0;1006,3;166,8;20,2;63;4,8;4,4;6,4;0;0;0,00;0,00;3,4;790;0,0;202;0,0;0,0
01-12-18;10:31;6,4;92;5,2;2,4;4,8;200;0,0;0,0;1006,3;166,8;20,2;63;3,4;4,6;6,4;0;0;0,00;0,00;3,6;805;0,0;180;0,0;0,0
01-12-18;10:36;6,4;92;5,2;1,7;4,8;201;0,0;0,0;1006,2;166,8;20,3;63;2,7;5,3;6,4;0;0;0,00;0,00;4,1;821;0,0;225;0,0;0,0
01-12-18;10:41;6,4;92;5,2;2,4;3,4;221;0,0;0,0;1006,3;166,8;20,3;63;3,1;4,6;6,4;0;0;0,00;0,00;3,6;835;0,0;360;0,0;0,0
01-12-18;10:46;6,4;92;5,2;3,1;4,4;250;0,0;0,0;1006,2;166,8;20,3;63;4,4;4,1;6,4;0;0;0,00;0,00;3,1;850;0,0;225;0,0;0,0
01-12-18;10:51;6,4;92;5,2;1,4;4,4;238;0,0;0,0;1006,3;166,8;20,3;63;2,0;6,4;6,4;0;0;0,00;0,00;4,3;864;0,0;180;0,0;0,0
01-12-18;10:56;6,4;92;5,2;1,7;4,4;202;0,0;0,0;1006,2;166,8;20,3;63;2,7;5,3;6,4;0;0;0,00;0,00;4,1;877;0,0;180;0,0;0,0
01-12-18;11:01;6,4;92;5,2;2,4;4,1;201;0,0;0,0;1006,2;166,8;20,3;63;4,1;4,6;6,4;0;0;0,00;0,00;3,6;890;0,0;225;0,0;0,0
01-12-18;11:06;6,8;92;5,6;2,0;4,1;214;0,0;0,0;1006,2;166,8;20,3;63;3,7;5,5;6,8;0;0;0,00;0,00;4,4;902;0,0;225;0,0;0,0
01-12-18;11:11;6,8;92;5,6;2,0;4,1;244;0,0;0,0;1006,4;166,8;20,3;63;3,7;5,5;6,8;0;0;0,00;0,00;4,4;913;0,0;22;0,0;0,0
01-12-18;11:16;6,8;92;5,6;2,0;3,7;342;0,0;0,0;1006,3;166,8;20,3;63;3,1;5,5;6,8;0;0;0,00;0,00;4,4;924;0,0;360;0,0;0,0
01-12-18;11:21;6,8;92;5,6;2,4;4,1;30;0,0;0,0;1006,4;166,8;20,3;63;4,1;5,1;6,8;0;0;0,00;0,00;4,1;935;0,0;180;0,0;0,0
01-12-18;11:26;6,8;91;5,4;2,7;4,8;181;0,0;0,0;1006,4;166,8;20,3;63;4,8;4,9;6,8;0;0;0,00;0,00;3,9;945;0,0;180;0,0;0,0
01-12-18;11:31;6,8;91;5,4;1,7;4,8;181;0,0;0,0;1006,3;166,8;20,4;62;2,4;5,8;6,8;0;0;0,00;0,00;4,6;955;0,0;180;0,0;0,0
01-12-18;11:36;6,8;91;5,4;1,4;4,8;181;0,0;0,0;1006,2;166,8;20,4;62;2,4;6,8;6,8;0;0;0,00;0,00;4,8;963;0,0;180;0,0;0,0
01-12-18;11:41;6,8;90;5,3;3,4;4,4;181;0,0;0,0;1006,4;166,8;20,4;62;4,4;4,4;6,8;0;0;0,00;0,00;3,4;972;0,0;180;0,0;0,0
01-12-18;11:46;6,8;90;5,3;1,7;4,4;151;0,0;0,0;1006,4;166,8;20,4;62;3,4;5,8;6,8;0;0;0,00;0,00;4,5;979;0,0;45;0,0;0,0
01-12-18;11:51;6,9;90;5,4;1,4;4,4;189;0,0;0,0;1006,4;166,8;20,4;63;3,1;6,9;6,9;0;0;0,00;0,00;4,9;987;0,0;248;0,0;0,0
01-12-18;11:56;7,0;88;5,1;2,0;4,4;243;0,0;0,0;1006,2;166,8;20,4;63;4,4;5,7;7,0;0;0;0,00;0,00;4,5;993;0,0;225;0,0;0,0
01-12-18;12:01;7,0;88;5,1;1,7;4,4;222;0,0;0,0;1006,2;166,8;20,4;63;2,4;6,0;7,0;0;0;0,00;0,00;4,7;999;0,0;180;0,0;0,0
01-12-18;12:06;7,0;88;5,1;1,7;4,4;202;0,0;0,0;1006,2;166,8;20,4;63;2,4;6,0;7,0;0;0;0,00;0,00;4,7;1005;0,0;180;0,0;0,0
01-12-18;12:11;7,0;88;5,1;2,0;3,4;190;0,0;0,0;1006,1;166,8;20,4;63;3,4;5,7;7,0;0;0;0,00;0,00;4,5;1009;0,0;202;0,0;0,0
01-12-18;12:16;7,1;88;5,2;1,4;3,4;190;0,0;0,0;1006,0;166,8;20,4;63;2,0;7,1;7,1;0;0;0,00;0,00;5,0;1014;0,0;180;0,0;0,0
01-12-18;12:21;7,0;88;5,1;2,0;3,4;217;0,0;0,0;1006,2;166,8;20,4;63;3,4;5,7;7,0;0;0;0,00;0,00;4,5;1017;0,0;360;0,0;0,0
01-12-18;12:26;7,0;87;5,0;1,0;3,4;315;0,0;0,0;1006,1;166,8;20,4;63;1,4;7,0;7,0;0;0;0,00;0,00;5,2;1020;0,0;270;0,0;0,0
01-12-18;12:31;7,0;87;5,0;0,7;3,4;315;0,0;0,0;1006,1;166,8;20,4;63;1,4;7,0;7,0;0;0;0,00;0,00;5,4;1023;0,0;225;0,0;0,0
01-12-18;12:36;7,0;87;5,0;3,1;4,4;234;0,0;0,0;1006,1;166,8;20,5;63;4,4;4,8;7,0;0;0;0,00;0,00;3,7;1025;0,0;225;0,0;0,0
01-12-18;12:41;7,0;87;5,0;2,0;4,4;212;0,0;0,0;1006,2;166,8;20,5;63;2,7;5,7;7,0;0;0;0,00;0,00;4,5;1026;0,0;180;0,0;0,0
01-12-18;12:46;7,0;87;5,0;2,0;4,4;199;0,0;0,0;1006,3;166,8;20,5;63;3,7;5,7;7,0;0;0;0,00;0,00;4,5;1026;0,0;180;0,0;0,0
01-12-18;12:51;7,0;87;5,0;2,4;3,7;197;0,0;0,0;1006,2;166,8;20,5;63;3,7;5,3;7,0;0;0;0,00;0,00;4,2;1026;0,0;225;0,0;0,0
01-12-18;12:57;6,8;88;5,0;1,7;3,7;200;0,0;0,0;1006,1;166,8;20,5;63;2,4;5,8;6,8;0;0;0,00;0,00;4,5;1026;0,0;158;0,0;0,0
01-12-18;13:02;6,8;88;5,0;2,7;4,8;172;0,0;0,0;1006,2;166,8;20,5;62;4,8;4,9;6,8;0;0;0,00;0,00;3,8;1024;0,0;180;0,0;0,0
01-12-18;13:07;6,8;88;5,0;2,7;4,8;192;0,0;0,0;1006,3;166,8;20,5;63;4,1;4,9;6,8;0;0;0,00;0,00;3,8;1022;0,0;225;0,0;0,0
01-12-18;13:13;6,8;88;5,0;1,0;4,1;225;0,0;0,0;1006,3;166,8;20,5;63;2,7;6,8;6,8;0;0;0,00;0,00;5,0;1019;0,0;45;0,0;0,0
01-12-18;13:18;6,8;88;5,0;1,7;3,7;114;0,0;0,0;1006,2;166,8;20,5;63;3,7;5,8;6,8;0;0;0,00;0,00;4,5;1016;0,0;158;0,0;0,0
01-12-18;13:23;6,4;88;4,6;3,1;5,4;186;0,0;0,0;1006,1;166,8;20,6;63;5,4;4,1;6,4;0;0;0,00;0,00;3,0;1012;0,0;225;0,0;0,0
01-12-18;13:29;6,4;88;4,6;2,7;5,4;207;0,0;0,0;1006,0;166,8;20,6;63;3,7;4,4;6,4;0;0;0,00;0,00;3,3;1007;0,0;180;0,0;0,0
01-12-18;13:34;6,4;88;4,6;3,4;4,1;181;0,0;0,0;1006,0;166,8;20,7;63;4,1;3,9;6,4;0;0;0,00;0,00;2,8;1001;0,0;180;0,0;0,0
01-12-18;13:39;6,4;88;4,6;1,7;4,1;166;0,0;0,0;1006,0;166,8;20,7;63;3,4;5,3;6,4;0;0;0,00;0,00;4,0;996;0,0;135;0,0;0,0
01-12-18;13:45;6,4;89;4,7;2,7;3,7;158;0,0;0,0;1006,1;166,8;20,7;63;3,7;4,4;6,4;0;0;0,00;0,00;3,3;988;0,0;180;0,0;0,0
01-12-18;13:50;6,4;89;4,7;2,4;4,4;181;0,0;0,0;1006,0;166,8;20,7;63;4,4;4,6;6,4;0;0;0,00;0,00;3,5;981;0,0;180;0,0;0,0
01-12-18;13:55;6,4;89;4,7;1,7;4,4;190;0,0;0,0;1006,0;166,8;20,7;63;2,4;5,3;6,4;0;0;0,00;0,00;4,0;973;0,0;225;0,0;0,0
01-12-18;14:01;6,4;89;4,7;1,4;2,4;203;0,0;0,0;1005,6;166,8;20,7;62;2,4;6,4;6,4;0;0;0,00;0,00;4,2;963;0,0;180;0,0;0,0
01-12-18;14:06;6,4;89;4,7;1,4;2,4;181;0,0;0,0;1006,0;166,8;20,7;62;2,4;6,4;6,4;0;0;0,00;0,00;4,2;954;0,0;180;0,0;0,0
01-12-18;14:11;6,4;89;4,7;1,7;2,7;181;0,0;0,0;1005,9;166,8;20,7;62;2,7;5,3;6,4;0;0;0,00;0,00;4,0;945;0,0;180;0,0;0,0
01-12-18;14:16;6,4;89;4,7;2,0;3,4;198;0,0;0,0;1005,9;166,8;20,7;62;3,4;5,0;6,4;0;0;0,00;0,00;3,8;935;0,0;225;0,0;0,0
01-12-18;14:21;6,4;89;4,7;2,0;3,4;213;0,0;0,0;1005,8;166,8;20,7;62;3,1;5,0;6,4;0;0;0,00;0,00;3,8;924;0,0;225;0,0;0,0
01-12-18;14:26;6,4;89;4,7;2,0;3,4;225;0,0;0,0;1005,7;166,8;20,7;62;2,7;5,0;6,4;0;0;0,00;0,00;3,8;913;0,0;225;0,0;0,0
01-12-18;14:31;6,4;89;4,7;1,0;3,1;220;0,0;0,0;1005,8;166,8;20,7;62;2,0;6,4;6,4;0;0;0,00;0,00;4,5;902;0,0;202;0,0;0,0
01-12-18;14:36;6,4;89;4,7;1,4;2,7;203;0,0;0,0;1005,9;166,8;20,7;62;2,7;6,4;6,4;0;0;0,00;0,00;4,2;889;0,0;180;0,0;0,0
01-12-18;14:41;6,4;89;4,7;0,7;2,7;202;0,0;0,0;1005,7;166,8;20,7;62;1,0;6,4;6,4;0;0;0,00;0,00;4,7;877;0,0;270;0,0;0,0
01-12-18;14:46;6,4;89;4,7;0,3;2,7;196;0,0;0,0;1005,8;166,8;20,7;62;1,0;6,4;6,4;0;0;0,00;0,00;5,0;863;0,0;180;0,0;0,0
01-12-18;14:51;6,4;89;4,7;1,4;3,1;225;0,0;0,0;1005,9;166,8;20,8;62;3,1;6,4;6,4;0;0;0,00;0,00;4,2;850;0,0;225;0,0;0,0
01-12-18;14:56;6,4;89;4,7;2,0;3,1;220;0,0;0,0;1006,0;166,8;20,8;62;3,1;5,0;6,4;0;0;0,00;0,00;3,8;835;0,0;225;0,0;0,0
01-12-18;15:01;6,4;89;4,7;2,0;3,1;225;0,0;0,0;1005,9;166,8;20,8;62;3,1;5,0;6,4;0;0;0,00;0,00;3,8;821;0,0;225;0,0;0,0
01-12-18;15:06;6,4;89;4,7;2,0;3,4;225;0,0;0,0;1005,8;166,8;20,8;62;3,4;5,0;6,4;0;0;0,00;0,00;3,8;805;0,0;225;0,0;0,0
01-12-18;15:11;6,4;89;4,7;1,4;3,4;225;0,0;0,0;1005,8;166,8;20,8;62;2,7;6,4;6,4;0;0;0,00;0,00;4,2;790;0,0;225;0,0;0,0
01-12-18;15:16;6,4;89;4,7;1,4;3,4;236;0,0;0,0;1006,0;166,8;20,8;62;2,0;6,4;6,4;0;0;0,00;0,00;4,2;773;0,0;270;0,0;0,0
01-12-18;15:21;6,4;89;4,7;1,0;2,7;240;0,0;0,0;1005,9;166,8;20,8;62;1,4;6,4;6,4;0;0;0,00;0,00;4,5;757;0,0;225;0,0;0,0
01-12-18;15:26;6,4;89;4,7;0,7;2,0;237;0,0;0,0;1005,9;166,8;20,8;62;1,0;6,4;6,4;0;0;0,00;0,00;4,7;740;0,0;180;0,0;0,0
01-12-18;15:31;6,4;89;4,7;2,0;2,7;192;0,0;0,0;1005,7;166,8;20,8;62;2,7;5,0;6,4;0;0;0,00;0,00;3,8;722;0,0;180;0,0;0,0
01-12-18;15:36;6,4;89;4,7;1,0;2,7;198;0,0;0,0;1005,9;166,8;20,8;62;2,4;6,4;6,4;0;0;0,00;0,00;4,5;704;0,0;225;0,0;0,0
01-12-18;15:41;6,4;89;4,7;1,4;2,7;210;0,0;0,0;1006,0;166,8;20,8;62;2,4;6,4;6,4;0;0;0,00;0,00;4,2;686;0,0;225;0,0;0,0
01-12-18;15:46;6,4;89;4,7;0,3;2,4;220;0,0;0,0;1005,9;166,8;20,8;62;0,7;6,4;6,4;0;0;0,00;0,00;5,0;667;0,0;180;0,0;0,0
01-12-18;15:51;6,4;89;4,7;1,7;2,7;220;0,0;0,0;1006,0;166,8;20,8;62;2,7;5,3;6,4;0;0;0,00;0,00;4,0;648;0,0;225;0,0;0,0
01-12-18;15:56;6,4;89;4,7;1,4;2,7;220;0,0;0,0;1005,6;166,8;20,8;62;2,0;6,4;6,4;0;0;0,00;0,00;4,2;628;0,0;225;0,0;0,0
01-12-18;16:01;6,4;89;4,7;1,4;2,7;225;0,0;0,0;1005,8;166,8;20,9;62;2,0;6,4;6,4;0;0;0,00;0,00;4,2;608;0,0;225;0,0;0,0
01-12-18;16:06;6,4;89;4,7;1,4;2,0;225;0,0;0,0;1005,7;166,8;20,9;62;2,0;6,4;6,4;0;0;0,00;0,00;4,2;588;0,0;225;0,0;0,0
01-12-18;16:11;6,4;89;4,7;1,0;2,0;212;0,0;0,0;1005,7;166,8;20,9;62;1,7;6,4;6,4;0;0;0,00;0,00;4,5;568;0,0;180;0,0;0,0
01-12-18;16:16;6,4;89;4,7;1,4;2,0;196;0,0;0,0;1005,6;166,8;20,9;62;2,0;6,4;6,4;0;0;0,00;0,00;4,2;547;0,0;180;0,0;0,0
01-12-18;16:21;6,4;89;4,7;1,0;2,0;201;0,0;0,0;1005,8;166,8;20,9;62;1,4;6,4;6,4;0;0;0,00;0,00;4,5;525;0,0;270;0,0;0,0
01-12-18;16:26;6,4;89;4,7;1,4;3,1;234;0,0;0,0;1005,9;166,8;20,9;62;3,1;6,4;6,4;0;0;0,00;0,00;4,2;504;0,0;248;0,0;0,0
01-12-18;16:31;6,4;89;4,7;1,7;3,1;244;0,0;0,0;1005,6;166,8;20,9;62;2,7;5,3;6,4;0;0;0,00;0,00;4,0;482;0,0;225;0,0;0,0
01-12-18;16:36;6,4;89;4,7;1,0;3,1;240;0,0;0,0;1005,7;166,8;20,9;62;1,4;6,4;6,4;0;0;0,00;0,00;4,5;460;0,0;248;0,0;0,0
01-12-18;16:41;6,4;89;4,7;2,0;2,7;230;0,0;0,0;1005,5;166,8;20,9;62;2,7;5,0;6,4;0;0;0,00;0,00;3,8;438;0,0;225;0,0;0,0
01-12-18;16:46;6,4;89;4,7;1,7;3,1;230;0,0;0,0;1005,6;166,8;20,9;62;3,1;5,3;6,4;0;0;0,00;0,00;4,0;416;0,0;225;0,0;0,0
01-12-18;16:51;6,4;89;4,7;1,4;3,1;201;0,0;0,0;1005,5;166,8;20,9;63;2,7;6,4;6,4;0;0;0,00;0,00;4,2;393;0,0;135;0,0;0,0
01-12-18;16:56;6,4;89;4,7;1,4;3,1;183;0,0;0,0;1005,4;166,8;20,9;63;2,7;6,4;6,4;0;0;0,00;0,00;4,2;371;0,0;180;0,0;0,0
01-12-18;17:01;6,4;89;4,7;1,4;3,1;195;0,0;0,0;1005,5;166,8;20,9;63;3,1;6,4;6,4;0;0;0,00;0,00;4,2;348;0,0;270;0,0;0,0
01-12-18;17:06;6,4;89;4,7;1,0;3,1;228;0,0;0,0;1005,6;166,8;21,0;62;1,4;6,4;6,4;0;0;0,00;0,00;4,5;325;0,0;225;0,0;0,0
01-12-18;17:11;6,4;89;4,7;0,7;3,1;237;0,0;0,0;1005,6;166,8;21,0;62;1,7;6,4;6,4;0;0;0,00;0,00;4,7;302;0,0;180;0,0;0,0
01-12-18;17:16;6,4;89;4,7;1,0;1,7;236;0,0;0,0;1005,4;166,8;21,0;62;1,7;6,4;6,4;0;0;0,00;0,00;4,5;279;0,0;315;0,0;0,0
01-12-18;17:21;6,4;89;4,7;1,4;2,0;234;0,0;0,0;1005,5;166,8;21,0;62;2,0;6,4;6,4;0;0;0,00;0,00;4,2;257;0,0;225;0,0;0,0
01-12-18;17:26;6,4;89;4,7;1,4;2,0;234;0,0;0,0;1005,4;166,8;21,0;62;1,7;6,4;6,4;0;0;0,00;0,00;4,2;234;0,0;180;0,0;0,0
01-12-18;17:31;6,4;89;4,7;2,0;3,4;204;0,0;0,0;1005,5;166,8;21,0;62;3,4;5,0;6,4;0;0;0,00;0,00;3,8;212;0,0;202;0,0;0,0
01-12-18;17:36;6,4;89;4,7;1,4;3,4;190;0,0;0,0;1005,2;166,8;21,0;61;2,7;6,4;6,4;0;0;0,00;0,00;4,2;189;0,0;180;0,0;0,0
01-12-18;17:41;6,4;89;4,7;1,7;3,4;211;0,0;0,0;1005,1;166,8;21,0;62;3,1;5,3;6,4;0;0;0,00;0,00;4,0;168;0,0;248;0,0;0,0
01-12-18;17:46;6,4;89;4,7;1,7;3,4;221;0,0;0,0;1005,2;166,8;21,1;62;3,4;5,3;6,4;0;0;0,00;0,00;4,0;146;0,0;225;0,0;0,0
01-12-18;17:51;6,4;89;4,7;3,1;3,7;232;0,0;0,0;1005,1;166,8;21,1;62;3,7;4,1;6,4;0;0;0,00;0,00;3,1;126;0,0;225;0,0;0,0
01-12-18;17:56;6,4;89;4,7;2,0;3,7;225;0,0;0,0;1005,1;166,8;21,1;62;3,1;5,0;6,4;0;0;0,00;0,00;3,8;106;0,0;225;0,0;0,0
01-12-18;18:01;6,4;89;4,7;1,4;3,7;216;0,0;0,0;1005,3;166,8;21,1;62;2,0;6,4;6,4;0;0;0,00;0,00;4,2;86;0,0;180;0,0;0,0
01-12-18;18:06;6,4;89;4,7;1,4;3,1;200;0,0;0,0;1005,2;166,8;21,1;62;2,0;6,4;6,4;0;0;0,00;0,00;4,2;68;0,0;180;0,0;0,0
01-12-18;18:11;6,4;89;4,7;1,0;2,0;181;0,0;0,0;1005,1;166,8;21,1;62;2,0;6,4;6,4;0;0;0,00;0,00;4,5;52;0,0;180;0,0;0,0
01-12-18;18:16;6,4;89;4,7;2,0;2,7;162;0,0;0,0;1005,1;166,8;21,1;62;2,7;5,0;6,4;0;0;0,00;0,00;3,8;37;0,0;135;0,0;0,0
01-12-18;18:21;6,3;89;4,6;1,0;2,7;174;0,0;0,0;1005,2;166,8;21,1;62;2,0;6,3;6,3;0;0;0,00;0,00;4,4;24;0,0;225;0,0;0,0
01-12-18;18:26;6,3;89;4,6;1,0;2,7;174;0,0;0,0;1005,0;166,8;21,2;63;1,7;6,3;6,3;0;0;0,00;0,00;4,4;14;0,0;180;0,0;0,0
01-12-18;18:31;6,3;89;4,6;2,0;3,4;193;0,0;0,0;1005,0;166,8;21,2;63;3,4;4,9;6,3;0;0;0,00;0,00;3,7;7;0,0;180;0,0;0,0
01-12-18;18:36;6,4;89;4,7;2,4;3,7;170;0,0;0,0;1005,0;166,8;21,3;63;3,7;4,6;6,4;0;0;0,00;0,00;3,5;2;0,0;158;0,0;0,0
01-12-18;18:41;6,4;89;4,7;2,4;4,4;172;0,0;0,0;1005,0;166,8;21,3;63;4,4;4,6;6,4;0;0;0,00;0,00;3,5;0;0,0;180;0,0;0,0
01-12-18;18:46;6,4;89;4,7;1,0;4,4;177;0,0;0,0;1004,9;166,8;21,3;63;2,4;6,4;6,4;0;0;0,00;0,00;4,5;0;0,0;202;0,0;0,0
01-12-18;18:51;6,3;89;4,6;1,4;4,4;187;0,0;0,0;1004,9;166,8;21,3;63;1,7;6,3;6,3;0;0;0,00;0,00;4,1;0;0,0;180;0,0;0,0
01-12-18;18:56;6,3;89;4,6;1,0;2,4;189;0,0;0,0;1004,9;166,8;21,3;63;2,0;6,3;6,3;0;0;0,00;0,00;4,4;0;0,0;180;0,0;0,0
01-12-18;19:01;6,3;89;4,6;1,4;2,0;196;0,0;0,0;1004,9;166,8;21,3;63;2,0;6,3;6,3;0;0;0,00;0,00;4,1;0;0,0;225;0,0;0,0
01-12-18;19:06;6,1;89;4,4;1,0;2,4;212;0,0;0,0;1004,9;166,8;21,3;63;2,4;6,1;6,1;0;0;0,00;0,00;4,2;0;0,0;225;0,0;0,0
01-12-18;19:11;6,1;89;4,4;2,4;3,4;197;0,0;0,0;1004,7;166,8;21,3;63;3,4;4,3;6,1;0;0;0,00;0,00;3,2;0;0,0;158;0,0;0,0
01-12-18;19:16;6,0;89;4,3;1,4;3,4;200;0,0;0,0;1004,7;166,8;21,3;63;2,7;6,0;6,0;0;0;0,00;0,00;3,8;0;0,0;225;0,0;0,0
01-12-18;19:21;5,9;90;4,4;1,7;3,4;169;0,0;0,0;1004,6;166,8;21,4;63;2,7;4,7;5,9;0;0;0,00;0,00;3,5;0;0,0;135;0,0;0,0
01-12-18;19:26;5,9;91;4,5;2,0;3,1;181;0,0;0,0;1004,7;166,8;21,4;63;3,1;4,4;5,9;0;0;0,00;0,00;3,3;0;0,0;180;0,0;0,0
01-12-18;19:31;6,0;90;4,5;2,0;3,4;175;0,0;0,0;1004,7;166,8;21,4;63;3,4;4,5;6,0;0;0;0,00;0,00;3,4;0;0,0;202;0,0;0,0
01-12-18;19:36;6,1;90;4,6;2,0;3,4;204;0,0;0,0;1004,7;166,8;21,4;63;3,4;4,6;6,1;0;0;0,00;0,00;3,5;0;0,0;225;0,0;0,0
01-12-18;19:41;6,2;90;4,7;1,4;3,4;217;0,0;0,0;1004,9;166,8;21,4;63;2,7;6,2;6,2;0;0;0,00;0,00;4,0;0;0,0;225;0,0;0,0
01-12-18;19:46;6,3;90;4,8;1,0;3,4;210;0,0;0,0;1004,9;166,8;21,4;63;1,7;6,3;6,3;0;0;0,00;0,00;4,4;0;0,0;135;0,0;0,0
01-12-18;19:51;6,3;91;4,9;2,0;3,1;187;0,0;0,0;1004,8;166,8;21,4;63;3,1;4,9;6,3;0;0;0,00;0,00;3,8;0;0,0;180;0,0;0,0
01-12-18;19:56;6,4;91;5,0;2,0;3,1;170;0,0;0,0;1004,8;166,8;21,5;63;3,1;5,0;6,4;0;0;0,00;0,00;3,9;0;0,0;180;0,0;0,0
01-12-18;20:01;6,4;91;5,0;1,7;3,1;195;0,0;0,0;1004,7;166,8;21,5;63;3,1;5,3;6,4;0;0;0,00;0,00;4,1;0;0,0;225;0,0;0,0
01-12-18;20:06;6,4;91;5,0;1,7;3,1;211;0,0;0,0;1004,8;166,8;21,5;63;3,1;5,3;6,4;0;0;0,00;0,00;4,1;0;0,0;225;0,0;0,0
01-12-18;20:11;6,4;90;4,9;1,4;3,1;225;0,0;0,0;1004,9;166,8;21,5;63;2,0;6,4;6,4;0;0;0,00;0,00;4,3;0;0,0;225;0,0;0,0
01-12-18;20:16;6,4;90;4,9;1,4;3,1;218;0,0;0,0;1004,9;166,8;21,5;63;2,4;6,4;6,4;0;0;0,00;0,00;4,3;0;0,0;202;0,0;0,0
01-12-18;20:21;6,4;90;4,9;1,0;2,4;217;0,0;0,0;1004,6;166,8;21,5;63;2,0;6,4;6,4;0;0;0,00;0,00;4,6;0;0,0;225;0,0;0,0
01-12-18;20:26;6,3;90;4,8;1,0;2,4;217;0,0;0,0;1004,8;166,8;21,5;63;2,4;6,3;6,3;0;0;0,00;0,00;4,4;0;0,0;225;0,0;0,0
01-12-18;20:31;6,3;90;4,8;1,0;2,4;215;0,0;0,0;1004,6;166,8;21,5;62;1,4;6,3;6,3;0;0;0,00;0,00;4,4;0;0,0;180;0,0;0,0
01-12-18;20:36;6,1;90;4,6;1,0;2,4;201;0,0;0,0;1004,8;166,8;21,5;62;1,4;6,1;6,1;0;0;0,00;0,00;4,2;0;0,0;180;0,0;0,0
01-12-18;20:41;6,1;89;4,4;1,0;1,7;197;0,0;0,0;1004,6;166,8;21,5;62;1,7;6,1;6,1;0;0;0,00;0,00;4,2;0;0,0;225;0,0;0,0
01-12-18;20:46;5,9;90;4,4;0,7;1,7;197;0,0;0,0;1004,5;166,8;21,5;62;1,4;5,9;5,9;0;0;0,00;0,00;4,2;0;0,0;180;0,0;0,0
01-12-18;20:51;5,8;90;4,3;0,7;1,7;212;0,0;0,0;1004,4;166,8;21,5;62;1,4;5,8;5,8;0;0;0,00;0,00;4,0;0;0,0;225;0,0;0,0
01-12-18;20:56;5,8;90;4,3;0,7;1,4;209;0,0;0,0;1004,5;166,8;21,5;62;1,0;5,8;5,8;0;0;0,00;0,00;4,0;0;0,0;225;0,0;0,0
01-12-18;21:01;5,8;91;4,4;0,7;1,4;225;0,0;0,0;1004,7;166,8;21,5;62;1,4;5,8;5,8;0;0;0,00;0,00;4,1;0;0,0;225;0,0;0,0
01-12-18;21:06;5,8;91;4,4;1,0;2,0;225;0,0;0,0;1004,5;166,8;21,5;62;2,0;5,8;5,8;0;0;0,00;0,00;3,9;0;0,0;225;0,0;0,0
01-12-18;21:11;5,8;91;4,4;1,0;2,0;211;0,0;0,0;1004,5;166,8;21,5;62;1,7;5,8;5,8;0;0;0,00;0,00;3,9;0;0,0;180;0,0;0,0
01-12-18;21:16;5,9;91;4,5;1,7;2,4;223;0,0;0,0;1004,6;166,8;21,5;62;2,4;4,7;5,9;0;0;0,00;0,00;3,5;0;0,0;248;0,0;0,0
01-12-18;21:21;5,9;91;4,5;1,4;2,4;223;0,0;0,0;1004,4;166,8;21,5;62;2,4;5,9;5,9;0;0;0,00;0,00;3,7;0;0,0;225;0,0;0,0
01-12-18;21:26;6,0;90;4,5;0,7;2,4;234;0,0;0,0;1004,6;166,8;21,5;62;1,4;6,0;6,0;0;0;0,00;0,00;4,3;0;0,0;225;0,0;0,0
01-12-18;21:31;6,1;90;4,6;1,4;2,4;225;0,0;0,0;1004,5;166,8;21,5;62;2,0;6,1;6,1;0;0;0,00;0,00;3,9;0;0,0;225;0,0;0,0
01-12-18;21:36;6,1;91;4,7;1,4;2,0;209;0,0;0,0;1004,3;166,8;21,5;61;2,0;6,1;6,1;0;0;0,00;0,00;3,9;0;0,0;180;0,0;0,0
01-12-18;21:41;6,2;91;4,8;1,7;3,1;193;0,0;0,0;1004,2;166,8;21,5;61;3,1;5,1;6,2;0;0;0,00;0,00;3,9;0;0,0;180;0,0;0,0
01-12-18;21:46;6,3;91;4,9;1,0;3,1;193;0,0;0,0;1004,3;166,8;21,5;61;2,0;6,3;6,3;0;0;0,00;0,00;4,5;0;0,0;225;0,0;0,0
01-12-18;21:51;6,3;91;4,9;1,4;3,1;186;0,0;0,0;1004,4;166,8;21,5;61;2,0;6,3;6,3;0;0;0,00;0,00;4,2;0;0,0;158;0,0;0,0
01-12-18;21:56;6,3;91;4,9;1,7;2,4;168;0,0;0,0;1004,3;166,8;21,5;61;2,4;5,2;6,3;0;0;0,00;0,00;4,0;0;0,0;135;0,0;0,0
01-12-18;22:01;6,3;91;4,9;1,4;2,4;155;0,0;0,0;1004,3;166,8;21,5;61;1,7;6,3;6,3;0;0;0,00;0,00;4,2;0;0,0;180;0,0;0,0
01-12-18;22:06;6,3;91;4,9;1,4;2,4;161;0,0;0,0;1004,2;166,8;21,5;61;1,7;6,3;6,3;0;0;0,00;0,00;4,2;0;0,0;180;0,0;0,0
01-12-18;22:11;6,3;91;4,9;1,0;1,7;181;0,0;0,0;1004,1;166,8;21,5;61;1,7;6,3;6,3;0;0;0,00;0,00;4,5;0;0,0;180;0,0;0,0
01-12-18;22:16;6,3;91;4,9;1,7;3,7;204;0,0;0,0;1004,2;166,8;21,5;61;3,7;5,2;6,3;0;0;0,00;0,00;4,0;0;0,0;225;0,0;0,0
01-12-18;22:21;6,3;91;4,9;2,4;3,7;208;0,0;0,0;1004,1;166,8;21,5;61;3,1;4,5;6,3;0;0;0,00;0,00;3,5;0;0,0;202;0,0;0,0
01-12-18;22:26;6,3;91;4,9;1,0;3,7;217;0,0;0,0;1004,1;166,8;21,5;61;1,4;6,3;6,3;0;0;0,00;0,00;4,5;0;0,0;225;0,0;0,0
01-12-18;22:31;6,3;91;4,9;1,4;3,1;207;0,0;0,0;1004,1;166,8;21,5;61;2,7;6,3;6,3;0;0;0,00;0,00;4,2;0;0,0;202;0,0;0,0
01-12-18;22:36;6,3;91;4,9;1,7;3,1;197;0,0;0,0;1004,0;166,8;21,5;61;3,1;5,2;6,3;0;0;0,00;0,00;4,0;0;0,0;180;0,0;0,0
01-12-18;22:41;6,3;90;4,8;0,7;3,1;197;0,0;0,0;1003,9;166,8;21,5;61;1,4;6,3;6,3;0;0;0,00;0,00;4,6;0;0,0;225;0,0;0,0
01-12-18;22:46;6,3;90;4,8;1,7;3,1;207;0,0;0,0;1003,8;166,8;21,5;61;3,1;5,2;6,3;0;0;0,00;0,00;3,9;0;0,0;225;0,0;0,0
01-12-18;22:51;6,4;90;4,9;1,4;3,1;225;0,0;0,0;1003,9;166,8;21,5;61;2,4;6,4;6,4;0;0;0,00;0,00;4,3;0;0,0;225;0,0;0,0
01-12-18;22:56;6,4;90;4,9;1,4;3,1;225;0,0;0,0;1003,8;166,8;21,5;61;2,4;6,4;6,4;0;0;0,00;0,00;4,3;0;0,0;225;0,0;0,0
01-12-18;23:01;6,4;90;4,9;1,4;2,4;214;0,0;0,0;1003,9;166,8;21,5;60;1,7;6,4;6,4;0;0;0,00;0,00;4,3;0;0,0;180;0,0;0,0
01-12-18;23:06;6,4;90;4,9;1,7;2,4;197;0,0;0,0;1003,5;166,8;21,5;60;2,4;5,3;6,4;0;0;0,00;0,00;4,1;0;0,0;180;0,0;0,0
01-12-18;23:11;6,8;90;5,3;1,0;2,4;167;0,0;0,0;1003,8;166,8;21,5;60;1,7;6,8;6,8;0;0;0,00;0,00;5,0;0;0,0;135;0,0;0,0
01-12-18;23:16;6,8;90;5,3;0,3;2,4;173;0,0;0,0;1003,7;166,8;21,5;60;1,0;6,8;6,8;0;0;0,00;0,00;5,5;0;0,0;225;0,0;0,0
01-12-18;23:21;6,8;90;5,3;1,4;2,0;172;0,0;0,0;1003,7;166,8;21,5;60;2,0;6,8;6,8;0;0;0,00;0,00;4,8;0;0,0;180;0,0;0,0
01-12-18;23:26;6,8;90;5,3;1,0;2,0;175;0,0;0,0;1003,6;166,8;21,4;60;1,4;6,8;6,8;0;0;0,00;0,00;5,0;0;0,0;135;0,0;0,0
01-12-18;23:31;6,8;90;5,3;1,0;2,7;191;0,0;0,0;1003,5;166,8;21,4;60;2,7;6,8;6,8;0;0;0,00;0,00;5,0;0;0,0;225;0,0;0,0
01-12-18;23:36;6,8;90;5,3;1,7;2,7;168;0,0;0,0;1003,4;166,8;21,4;60;2,7;5,8;6,8;0;0;0,00;0,00;4,5;0;0,0;135;0,0;0,0
01-12-18;23:41;6,8;90;5,3;2,4;3,1;181;0,0;0,0;1003,4;166,8;21,4;60;3,1;5,1;6,8;0;0;0,00;0,00;4,1;0;0,0;180;0,0;0,0
01-12-18;23:46;6,8;90;5,3;1,7;3,1;186;0,0;0,0;1003,3;166,8;21,4;60;2,4;5,8;6,8;0;0;0,00;0,00;4,5;0;0,0;270;0,0;0,0
01-12-18;23:51;6,8;91;5,4;0,7;3,1;193;3,6;0,3;1003,2;167,1;21,4;60;2,0;6,8;6,8;0;0;0,00;0,00;5,3;0;0,0;135;0,0;0,3
01-12-18;23:56;6,8;91;5,4;1,4;2,4;197;0,0;0,3;1003,3;167,1;21,4;60;2,0;6,8;6,8;0;0;0,00;0,00;4,8;0;0,0;180;0,0;0,3
02-12-18;00:01;6,8;91;5,4;1,0;2,0;134;0,0;0,0;1003,2;167,1;21,4;60;2,0;6,8;6,8;0;0;0,00;0,00;5,1;0;0,0;360;0,0;0,0
02-12-18;00:06;6,8;91;5,4;1,0;2,0;1;0,0;0,0;1003,1;167,1;21,4;60;2,0;6,8;6,8;0;0;0,00;0,00;5,1;0;0,0;360;0,0;0,0
02-12-18;00:11;6,8;91;5,4;1,4;2,4;1;0,0;0,0;1003,0;167,1;21,4;60;2,4;6,8;6,8;0;0;0,00;0,00;4,8;0;0,0;180;0,0;0,0
02-12-18;00:16;6,8;91;5,4;1,0;2,4;181;0,0;0,0;1003,2;167,1;21,4;60;1,7;6,8;6,8;0;0;0,00;0,00;5,1;0;0,0;180;0,0;0,0
02-12-18;00:21;6,4;91;5,0;1,4;2,4;181;0,0;0,0;1003,0;167,1;21,4;60;2,0;6,4;6,4;0;0;0,00;0,00;4,3;0;0,0;180;0,0;0,0
02-12-18;00:26;6,4;91;5,0;0,7;2,0;168;0,0;0,0;1002,9;167,1;21,4;60;1,4;6,4;6,4;0;0;0,00;0,00;4,8;0;0,0;135;0,0;0,0
02-12-18;00:31;6,4;91;5,0;0,3;2,0;146;0,0;0,0;1002,9;167,1;21,3;60;1,0;6,4;6,4;0;0;0,00;0,00;5,1;0;0,0;90;0,0;0,0
02-12-18;00:36;6,4;91;5,0;1,0;1,7;105;0,0;0,0;1002,7;167,1;21,3;60;1,7;6,4;6,4;0;0;0,00;0,00;4,6;0;0,0;90;0,0;0,0
02-12-18;00:41;6,4;91;5,0;0,7;1,7;110;0,0;0,0;1002,6;167,1;21,3;60;1,0;6,4;6,4;0;0;0,00;0,00;4,8;0;0,0;180;0,0;0,0
02-12-18;00:46;6,3;91;4,9;0,3;1,7;126;0,0;0,0;1002,7;167,1;21,3;60;1,4;6,3;6,3;0;0;0,00;0,00;5,0;0;0,0;135;0,0;0,0
02-12-18;00:51;6,3;91;4,9;0,7;1,4;146;0,0;0,0;1002,8;167,1;21,3;60;1,4;6,3;6,3;0;0;0,00;0,00;4,7;0;0,0;135;0,0;0,0
02-12-18;00:56;6,3;91;4,9;2,0;2,7;146;0,0;0,0;1002,8;167,1;21,3;60;2,7;4,9;6,3;0;0;0,00;0,00;3,8;0;0,0;158;0,0;0,0
02-12-18;01:01;6,3;91;4,9;1,4;2,7;161;0,0;0,0;1002,4;167,1;21,3;60;2,4;6,3;6,3;0;0;0,00;0,00;4,2;0;0,0;180;0,0;0,0
02-12-18;01:06;6,4;91;5,0;1,7;2,7;149;0,0;0,0;1002,4;167,1;21,3;60;2,7;5,3;6,4;0;0;0,00;0,00;4,1;0;0,0;112;0,0;0,0
02-12-18;01:11;6,4;91;5,0;1,4;2,7;156;0,0;0,0;1002,4;167,1;21,3;60;2,4;6,4;6,4;0;0;0,00;0,00;4,3;0;0,0;180;0,0;0,0
02-12-18;01:16;6,4;91;5,0;1,7;2,7;171;0,0;0,0;1002,4;167,1;21,3;60;2,4;5,3;6,4;0;0;0,00;0,00;4,1;0;0,0;225;0,0;0,0
02-12-18;01:21;6,4;92;5,2;1,4;2,4;183;0,0;0,0;1002,3;167,1;21,3;60;2,0;6,4;6,4;0;0;0,00;0,00;4,3;0;0,0;135;0,0;0,0
02-12-18;01:26;6,4;92;5,2;1,7;2,7;172;0,0;0,0;1002,4;167,1;21,3;60;2,7;5,3;6,4;0;0;0,00;0,00;4,1;0;0,0;158;0,0;0,0
02-12-18;01:31;6,4;92;5,2;1,4;2,7;158;0,0;0,0;1002,2;167,1;21,3;60;2,4;6,4;6,4;0;0;0,00;0,00;4,3;0;0,0;180;0,0;0,0
02-12-18;01:36;6,4;92;5,2;2,0;3,4;173;0,0;0,0;1002,2;167,1;21,3;60;3,4;5,0;6,4;0;0;0,00;0,00;3,9;0;0,0;180;0,0;0,0
02-12-18;01:41;6,4;92;5,2;2,4;4,4;181;0,0;0,0;1002,3;167,1;21,3;60;4,4;4,6;6,4;0;0;0,00;0,00;3,6;0;0,0;180;0,0;0,0
02-12-18;01:46;6,4;92;5,2;0,7;4,4;181;0,0;0,0;1002,1;167,1;21,3;60;1,7;6,4;6,4;0;0;0,00;0,00;4,8;0;0,0;180;0,0;0,0
02-12-18;01:51;6,4;92;5,2;1,0;4,4;181;0,0;0,0;1002,1;167,1;21,3;60;2,7;6,4;6,4;0;0;0,00;0,00;4,6;0;0,0;180;0,0;0,0
02-12-18;01:56;6,4;92;5,2;1,7;3,1;161;0,0;0,0;1002,0;167,1;21,2;60;3,1;5,3;6,4;0;0;0,00;0,00;4,1;0;0,0;135;0,0;0,0
02-12-18;02:01;6,4;92;5,2;1,7;3,1;172;0,0;0,0;1002,0;167,1;21,2;60;2,0;5,3;6,4;0;0;0,00;0,00;4,1;0;0,0;225;0,0;0,0
02-12-18;02:06;6,4;92;5,2;1,7;3,1;188;0,0;0,0;1002,1;167,1;21,2;60;2,0;5,3;6,4;0;0;0,00;0,00;4,1;0;0,0;225;0,0;0,0
02-12-18;02:11;6,4;91;5,0;2,4;3,1;197;0,0;0,0;1002,0;167,1;21,2;60;3,1;4,6;6,4;0;0;0,00;0,00;3,6;0;0,0;158;0,0;0,0
02-12-18;02:16;6,4;91;5,0;2,4;3,4;182;0,0;0,0;1001,9;167,1;21,2;60;3,4;4,6;6,4;0;0;0,00;0,00;3,6;0;0,0;180;0,0;0,0
02-12-18;02:21;6,4;91;5,0;1,7;3,4;172;0,0;0,0;1001,7;167,1;21,2;60;2,4;5,3;6,4;0;0;0,00;0,00;4,1;0;0,0;180;0,0;0,0
02-12-18;02:26;6,4;91;5,0;1,7;3,4;196;0,0;0,0;1001,8;167,1;21,1;60;3,1;5,3;6,4;0;0;0,00;0,00;4,1;0;0,0;225;0,0;0,0
02-12-18;02:31;6,4;91;5,0;1,7;3,1;198;0,0;0,0;1001,7;167,1;21,1;60;2,4;5,3;6,4;0;0;0,00;0,00;4,1;0;0,0;180;0,0;0,0
02-12-18;02:36;6,4;91;5,0;1,0;3,1;211;0,0;0,0;1001,5;167,1;21,1;60;1,7;6,4;6,4;0;0;0,00;0,00;4,6;0;0,0;225;0,0;0,0
02-12-18;02:41;6,4;90;4,9;1,0;2,4;193;0,0;0,0;1001,6;167,1;21,1;60;1,7;6,4;6,4;0;0;0,00;0,00;4,6;0;0,0;180;0,0;0,0
02-12-18;02:46;6,4;90;4,9;1,7;2,4;184;0,0;0,0;1001,5;167,1;21,1;60;2,4;5,3;6,4;0;0;0,00;0,00;4,1;0;0,0;158;0,0;0,0
02-12-18;02:51;6,3;90;4,8;2,4;3,7;151;0,0;0,0;1001,4;167,1;21,1;60;3,7;4,5;6,3;0;0;0,00;0,00;3,5;0;0,0;135;0,0;0,0
02-12-18;02:56;6,3;90;4,8;1,7;3,7;157;0,0;0,0;1001,4;167,1;21,1;60;3,7;5,2;6,3;0;0;0,00;0,00;3,9;0;0,0;180;0,0;0,0
02-12-18;03:01;6,3;90;4,8;1,4;3,7;157;0,0;0,0;1001,3;167,1;21,1;60;2,7;6,3;6,3;0;0;0,00;0,00;4,2;0;0,0;158;0,0;0,0
02-12-18;03:06;6,3;90;4,8;1,4;3,7;173;0,0;0,0;1001,2;167,1;21,1;60;2,4;6,3;6,3;0;0;0,00;0,00;4,2;0;0,0;180;0,0;0,0
02-12-18;03:11;6,3;90;4,8;2,7;4,1;194;0,0;0,0;1001,2;167,1;21,1;60;4,1;4,3;6,3;0;0;0,00;0,00;3,2;0;0,0;225;0,0;0,0
02-12-18;03:16;6,3;90;4,8;2,4;4,1;207;0,0;0,0;1001,2;167,1;21,1;60;3,4;4,5;6,3;0;0;0,00;0,00;3,5;0;0,0;202;0,0;0,0
02-12-18;03:21;6,3;90;4,8;1,0;4,1;212;0,0;0,0;1001,1;167,1;21,1;60;2,0;6,3;6,3;0;0;0,00;0,00;4,4;0;0,0;202;0,0;0,0
02-12-18;03:26;6,3;90;4,8;2,0;3,4;194;0,0;0,0;1000,8;167,1;21,1;59;3,4;4,9;6,3;0;0;0,00;0,00;3,7;0;0,0;180;0,0;0,0
02-12-18;03:31;6,3;90;4,8;2,4;3,7;166;0,0;0,0;1000,9;167,1;21,1;59;3,7;4,5;6,3;0;0;0,00;0,00;3,5;0;0,0;135;0,0;0,0
02-12-18;03:36;6,4;90;4,9;2,0;3,7;163;0,0;0,0;1000,9;167,1;21,0;59;2,7;5,0;6,4;0;0;0,00;0,00;3,9;0;0,0;180;0,0;0,0
02-12-18;03:41;6,4;89;4,7;2,7;3,7;163;0,0;0,0;1000,8;167,1;21,0;59;3,7;4,4;6,4;0;0;0,00;0,00;3,3;0;0,0;180;0,0;0,0
02-12-18;03:46;6,4;89;4,7;1,4;3,7;174;0,0;0,0;1000,6;167,1;21,0;59;2,4;6,4;6,4;0;0;0,00;0,00;4,2;0;0,0;158;0,0;0,0
02-12-18;03:51;6,4;89;4,7;2,0;3,7;174;0,0;0,0;1000,7;167,1;21,0;59;3,1;5,0;6,4;0;0;0,00;0,00;3,8;0;0,0;180;0,0;0,0
02-12-18;03:56;6,3;89;4,6;1,4;3,1;173;0,0;0,0;1000,5;167,1;21,0;59;2,4;6,3;6,3;0;0;0,00;0,00;4,1;0;0,0;180;0,0;0,0
02-12-18;04:01;6,3;89;4,6;1,4;3,1;166;0,0;0,0;1000,4;167,1;21,0;59;2,4;6,3;6,3;0;0;0,00;0,00;4,1;0;0,0;135;0,0;0,0
02-12-18;04:06;6,3;89;4,6;1,4;2,4;149;0,0;0,0;1000,4;167,1;21,0;59;2,4;6,3;6,3;0;0;0,00;0,00;4,1;0;0,0;135;0,0;0,0
02-12-18;04:11;6,3;89;4,6;2,0;2,7;143;0,0;0,0;1000,4;167,1;21,0;59;2,7;4,9;6,3;0;0;0,00;0,00;3,7;0;0,0;158;0,0;0,0
02-12-18;04:16;6,3;89;4,6;1,4;2,7;137;0,0;0,0;1000,3;167,1;21,0;59;2,4;6,3;6,3;0;0;0,00;0,00;4,1;0;0,0;338;0,0;0,0
02-12-18;04:21;6,3;89;4,6;1,4;2,7;137;0,0;0,0;1000,4;167,1;21,0;59;2,4;6,3;6,3;0;0;0,00;0,00;4,1;0;0,0;135;0,0;0,0
02-12-18;04:26;6,3;89;4,6;1,7;2,7;117;0,0;0,0;1000,2;167,1;21,0;59;2,7;5,2;6,3;0;0;0,00;0,00;3,9;0;0,0;135;0,0;0,0
02-12-18;04:31;6,3;89;4,6;1,7;2,7;156;0,0;0,0;1000,2;167,1;21,0;59;2,7;5,2;6,3;0;0;0,00;0,00;3,9;0;0,0;202;0,0;0,0
02-12-18;04:36;6,3;89;4,6;2,4;3,1;183;0,0;0,0;1000,1;167,1;21,0;59;3,1;4,5;6,3;0;0;0,00;0,00;3,4;0;0,0;202;0,0;0,0
02-12-18;04:41;6,3;89;4,6;2,0;3,4;194;0,0;0,0;1000,0;167,1;21,0;59;3,4;4,9;6,3;0;0;0,00;0,00;3,7;0;0,0;180;0,0;0,0
02-12-18;04:46;6,3;89;4,6;2,7;3,7;187;0,0;0,0;999,9;167,1;21,0;59;3,7;4,3;6,3;0;0;0,00;0,00;3,2;0;0,0;180;0,0;0,0
02-12-18;04:51;6,3;89;4,6;2,4;3,7;181;0,0;0,0;1000,0;167,1;21,0;59;3,4;4,5;6,3;0;0;0,00;0,00;3,4;0;0,0;180;0,0;0,0
02-12-18;04:56;6,3;89;4,6;1,7;3,7;168;0,0;0,0;999,8;167,1;21,0;59;2,7;5,2;6,3;0;0;0,00;0,00;3,9;0;0,0;135;0,0;0,0
02-12-18;05:01;6,3;89;4,6;1,0;3,4;164;0,0;0,0;999,7;167,1;20,9;60;1,7;6,3;6,3;0;0;0,00;0,00;4,4;0;0,0;180;0,0;0,0
02-12-18;05:06;6,3;89;4,6;1,0;2,7;133;0,0;0,0;999,5;167,1;20,9;60;1,4;6,3;6,3;0;0;0,00;0,00;4,4;0;0,0;22;0,0;0,0
02-12-18;05:11;6,3;89;4,6;1,7;2,7;152;0,0;0,0;999,6;167,1;20,9;60;2,7;5,2;6,3;0;0;0,00;0,00;3,9;0;0,0;158;0,0;0,0
02-12-18;05:16;6,3;89;4,6;2,7;3,4;161;0,0;0,0;999,6;167,1;20,9;60;3,4;4,3;6,3;0;0;0,00;0,00;3,2;0;0,0;180;0,0;0,0
02-12-18;05:21;6,3;89;4,6;1,0;3,4;172;0,0;0,0;999,4;167,1;20,9;61;1,7;6,3;6,3;0;0;0,00;0,00;4,4;0;0,0;180;0,0;0,0
02-12-18;05:26;6,3;89;4,6;1,7;3,4;165;0,0;0,0;999,4;167,1;20,9;61;2,4;5,2;6,3;0;0;0,00;0,00;3,9;0;0,0;135;0,0;0,0
02-12-18;05:31;6,3;89;4,6;2,4;3,7;155;0,0;0,0;999,4;167,1;20,9;61;3,7;4,5;6,3;0;0;0,00;0,00;3,4;0;0,0;158;0,0;0,0
02-12-18;05:36;6,3;89;4,6;1,7;3,7;144;0,0;0,0;999,2;167,1;20,9;61;2,7;5,2;6,3;0;0;0,00;0,00;3,9;0;0,0;135;0,0;0,0
02-12-18;05:41;6,3;90;4,8;1,7;3,7;144;0,0;0,0;999,1;167,1;20,9;61;2,7;5,2;6,3;0;0;0,00;0,00;3,9;0;0,0;135;0,0;0,0
02-12-18;05:46;6,3;90;4,8;1,7;2,7;149;0,0;0,0;999,1;167,1;20,9;61;2,7;5,2;6,3;0;0;0,00;0,00;3,9;0;0,0;180;0,0;0,0
02-12-18;05:51;6,3;90;4,8;1,4;2,7;163;0,0;0,0;999,0;167,1;20,9;61;2,0;6,3;6,3;0;0;0,00;0,00;4,2;0;0,0;180;0,0;0,0
02-12-18;05:56;6,3;90;4,8;2,0;2,7;181;0,0;0,0;998,9;167,1;21,0;60;2,7;4,9;6,3;0;0;0,00;0,00;3,7;0;0,0;180;0,0;0,0
02-12-18;06:01;6,3;90;4,8;1,7;3,7;181;0,0;0,0;999,1;167,1;20,9;61;3,7;5,2;6,3;0;0;0,00;0,00;3,9;0;0,0;180;0,0;0,0
02-12-18;06:06;6,3;90;4,8;1,7;3,7;181;0,0;0,0;999,0;167,1;20,9;61;3,7;5,2;6,3;0;0;0,00;0,00;3,9;0;0,0;180;0,0;0,0
02-12-18;06:11;6,3;90;4,8;2,4;4,8;179;0,0;0,0;998,6;167,1;20,9;61;4,8;4,5;6,3;0;0;0,00;0,00;3,5;0;0,0;360;0,0;0,0
02-12-18;06:16;6,3;90;4,8;2,4;4,8;118;0,0;0,0;998,6;167,1;20,9;62;3,4;4,5;6,3;0;0;0,00;0,00;3,5;0;0,0;135;0,0;0,0
02-12-18;06:21;6,3;90;4,8;2,4;4,8;95;0,0;0,0;998,6;167,1;20,9;62;4,1;4,5;6,3;0;0;0,00;0,00;3,5;0;0,0;135;0,0;0,0
02-12-18;06:26;6,3;90;4,8;1,4;4,1;135;0,0;0,0;998,6;167,1;20,9;62;2,0;6,3;6,3;0;0;0,00;0,00;4,2;0;0,0;135;0,0;0,0
02-12-18;06:31;6,3;90;4,8;3,1;4,4;153;0,0;0,0;998,5;167,1;20,9;62;4,4;4,0;6,3;0;0;0,00;0,00;3,0;0;0,0;180;0,0;0,0
02-12-18;06:36;6,3;90;4,8;3,4;4,8;172;0,0;0,0;998,7;167,1;20,9;62;4,8;3,8;6,3;0;0;0,00;0,00;2,8;0;0,0;180;0,0;0,0
02-12-18;06:41;6,3;90;4,8;2,7;4,8;181;0,0;0,0;998,5;167,1;21,0;61;4,1;4,3;6,3;0;0;0,00;0,00;3,2;0;0,0;360;0,0;0,0
02-12-18;06:46;6,3;90;4,8;2,7;4,8;181;0,0;0,0;998,4;167,1;21,0;61;4,4;4,3;6,3;0;0;0,00;0,00;3,2;0;0,0;180;0,0;0,0
02-12-18;06:51;6,3;90;4,8;2,4;4,8;137;0,0;0,0;998,3;167,1;20,9;62;4,8;4,5;6,3;0;0;0,00;0,00;3,5;0;0,0;135;0,0;0,0
02-12-18;06:56;6,3;90;4,8;3,4;4,8;150;0,0;0,0;998,0;167,1;20,9;62;3,7;3,8;6,3;0;0;0,00;0,00;2,8;0;0,0;135;0,0;0,0
02-12-18;07:01;6,3;90;4,8;2,4;4,8;149;0,0;0,0;998,0;167,1;20,9;62;4,1;4,5;6,3;0;0;0,00;0,00;3,5;2;0,0;180;0,0;0,0
02-12-18;07:06;6,3;90;4,8;2,4;6,1;147;0,0;0,0;998,1;167,1;20,9;62;6,1;4,5;6,3;0;0;0,00;0,00;3,5;6;0,0;135;0,0;0,0
02-12-18;07:11;6,3;90;4,8;2,7;6,1;161;0,0;0,0;997,9;167,1;20,9;62;4,8;4,3;6,3;0;0;0,00;0,00;3,2;13;0,0;180;0,0;0,0
02-12-18;07:16;6,3;90;4,8;1,7;6,1;159;0,0;0,0;998,0;167,1;20,9;62;2,7;5,2;6,3;0;0;0,00;0,00;3,9;23;0,0;180;0,0;0,0
02-12-18;07:21;6,3;90;4,8;2,4;4,8;181;0,0;0,0;998,1;167,1;20,9;62;3,7;4,5;6,3;0;0;0,00;0,00;3,5;36;0,0;180;0,0;0,0
02-12-18;07:26;6,3;90;4,8;3,4;5,1;160;0,0;0,0;998,1;167,1;21,0;61;5,1;3,8;6,3;0;0;0,00;0,00;2,8;51;0,0;135;0,0;0,0
02-12-18;07:31;6,3;90;4,8;3,7;5,1;155;0,0;0,0;998,0;167,1;21,0;61;5,1;3,6;6,3;0;0;0,00;0,00;2,5;67;0,0;158;0,0;0,0
02-12-18;07:36;6,3;91;4,9;2,4;5,1;133;0,0;0,0;998,0;167,1;21,0;61;3,4;4,5;6,3;0;0;0,00;0,00;3,5;85;0,0;90;0,0;0,0
02-12-18;07:41;6,3;91;4,9;3,4;5,1;148;0,0;0,0;997,8;167,1;21,0;61;4,1;3,8;6,3;0;0;0,00;0,00;2,8;104;0,0;180;0,0;0,0
02-12-18;07:46;6,3;91;4,9;2,4;4,1;138;0,0;0,0;997,6;167,1;21,0;61;4,1;4,5;6,3;0;0;0,00;0,00;3,5;124;0,0;135;0,0;0,0
02-12-18;07:51;6,3;91;4,9;1,7;4,1;162;0,0;0,0;997,6;167,1;21,0;61;2,4;5,2;6,3;0;0;0,00;0,00;4,0;144;0,0;180;0,0;0,0
02-12-18;07:56;6,3;91;4,9;2,7;4,1;162;0,0;0,0;997,7;167,1;21,0;61;4,1;4,3;6,3;0;0;0,00;0,00;3,3;166;0,0;180;0,0;0,0
02-12-18;08:01;6,3;91;4,9;1,7;4,1;181;0,0;0,0;997,6;167,1;21,0;61;3,1;5,2;6,3;0;0;0,00;0,00;4,0;188;0,0;180;0,0;0,0
02-12-18;08:06;6,3;91;4,9;1,7;4,1;181;0,0;0,0;997,5;167,1;21,0;61;3,1;5,2;6,3;0;0;0,00;0,00;4,0;210;0,0;180;0,0;0,0
02-12-18;08:11;6,3;91;4,9;3,4;5,1;159;0,0;0,0;997,6;167,1;21,0;62;5,1;3,8;6,3;0;0;0,00;0,00;2,8;232;0,0;135;0,0;0,0
02-12-18;08:16;6,3;91;4,9;2,7;5,1;145;0,0;0,0;997,5;167,1;21,0;61;4,4;4,3;6,3;0;0;0,00;0,00;3,3;255;0,0;135;0,0;0,0
02-12-18;08:21;6,3;91;4,9;1,4;5,1;139;0,0;0,0;997,4;167,1;21,0;61;2,4;6,3;6,3;0;0;0,00;0,00;4,2;277;0,0;158;0,0;0,0
02-12-18;08:26;6,3;91;4,9;2,7;4,4;148;0,0;0,0;997,5;167,1;21,0;62;3,7;4,3;6,3;0;0;0,00;0,00;3,3;300;0,0;158;0,0;0,0
02-12-18;08:31;6,3;91;4,9;3,4;4,1;166;0,0;0,0;997,4;167,1;21,0;61;4,1;3,8;6,3;0;0;0,00;0,00;2,8;323;0,0;180;0,0;0,0
02-12-18;08:36;6,3;91;4,9;2,0;4,1;172;0,0;0,0;997,4;167,1;21,0;61;3,4;4,9;6,3;0;0;0,00;0,00;3,8;346;0,0;180;0,0;0,0
02-12-18;08:41;6,3;91;4,9;4,1;5,4;181;0,0;0,0;997,3;167,1;21,0;61;5,4;3,4;6,3;0;0;0,00;0,00;2,3;368;0,0;180;0,0;0,0
02-12-18;08:46;6,3;91;4,9;3,1;5,4;179;0,0;0,0;997,4;167,1;21,1;61;5,1;4,0;6,3;0;0;0,00;0,00;3,0;391;0,0;360;0,0;0,0
02-12-18;08:51;6,3;91;4,9;3,4;5,8;114;0,0;0,0;997,1;167,1;21,1;61;5,8;3,8;6,3;0;0;0,00;0,00;2,8;414;0,0;112;0,0;0,0
02-12-18;08:56;6,3;91;4,9;2,4;5,8;102;0,0;0,0;997,2;167,1;21,1;61;4,1;4,5;6,3;0;0;0,00;0,00;3,5;436;0,0;180;0,0;0,0
02-12-18;09:01;6,3;91;4,9;2,4;5,8;152;0,0;0,0;997,1;167,1;21,1;62;4,1;4,5;6,3;0;0;0,00;0,00;3,5;458;0,0;180;0,0;0,0
02-12-18;09:06;6,3;91;4,9;3,4;5,1;189;0,0;0,0;997,1;167,1;21,1;62;5,1;3,8;6,3;0;0;0,00;0,00;2,8;480;0,0;202;0,0;0,0
02-12-18;09:11;6,3;91;4,9;2,7;5,1;189;0,0;0,0;997,0;167,1;21,1;62;4,1;4,3;6,3;0;0;0,00;0,00;3,3;502;0,0;180;0,0;0,0
02-12-18;09:16;6,3;91;4,9;2,4;5,4;171;0,0;0,0;997,0;167,1;21,1;61;5,4;4,5;6,3;0;0;0,00;0,00;3,5;523;0,0;135;0,0;0,0
02-12-18;09:21;6,3;92;5,1;2,4;5,4;148;0,0;0,0;997,1;167,1;21,1;61;3,4;4,5;6,3;0;0;0,00;0,00;3,5;544;0,0;135;0,0;0,0
02-12-18;09:26;6,3;92;5,1;4,4;5,8;174;0,0;0,0;996,9;167,1;21,1;61;5,8;3,2;6,3;0;0;0,00;0,00;2,1;565;0,0;248;0,0;0,0
02-12-18;09:31;6,3;92;5,1;2,7;5,8;199;0,0;0,0;996,8;167,1;21,1;61;4,1;4,3;6,3;0;0;0,00;0,00;3,3;586;0,0;180;0,0;0,0
02-12-18;09:36;6,3;92;5,1;2,7;5,8;206;0,0;0,0;996,9;167,1;21,1;61;5,1;4,3;6,3;0;0;0,00;0,00;3,3;606;0,0;180;0,0;0,0
02-12-18;09:41;6,3;92;5,1;2,4;5,1;173;0,0;0,0;996,8;167,1;21,1;61;4,1;4,5;6,3;0;0;0,00;0,00;3,5;626;0,0;158;0,0;0,0
02-12-18;09:46;6,3;92;5,1;3,1;5,1;173;0,0;0,0;996,9;167,1;21,1;61;4,8;4,0;6,3;0;0;0,00;0,00;3,0;646;0,0;180;0,0;0,0
02-12-18;09:51;6,3;92;5,1;2,7;4,8;157;0,0;0,0;996,7;167,1;21,1;61;4,8;4,3;6,3;0;0;0,00;0,00;3,3;665;0,0;135;0,0;0,0
02-12-18;09:56;6,3;92;5,1;2,7;4,8;157;0,0;0,0;996,7;167,1;21,1;61;4,4;4,3;6,3;0;0;0,00;0,00;3,3;684;0,0;158;0,0;0,0
02-12-18;10:01;6,3;92;5,1;2,4;4,8;142;0,0;0,0;996,7;167,1;21,1;61;3,7;4,5;6,3;0;0;0,00;0,00;3,5;702;0,0;135;0,0;0,0
02-12-18;10:06;6,3;92;5,1;2,4;4,4;143;0,0;0,0;996,6;167,1;21,1;61;3,7;4,5;6,3;0;0;0,00;0,00;3,5;720;0,0;135;0,0;0,0
02-12-18;10:11;6,3;92;5,1;2,0;3,7;154;0,0;0,0;996,7;167,1;21,1;61;3,4;4,9;6,3;0;0;0,00;0,00;3,8;738;0,0;202;0,0;0,0
02-12-18;10:16;6,3;92;5,1;3,7;5,4;173;0,0;0,0;996,5;167,1;21,1;61;5,4;3,6;6,3;0;0;0,00;0,00;2,6;755;0,0;180;0,0;0,0
02-12-18;10:21;6,3;92;5,1;3,4;5,4;178;0,0;0,0;996,5;167,1;21,1;61;4,4;3,8;6,3;0;0;0,00;0,00;2,8;771;0,0;158;0,0;0,0
02-12-18;10:26;6,3;92;5,1;4,4;5,4;173;0,0;0,0;996,5;167,1;21,1;61;5,1;3,2;6,3;0;0;0,00;0,00;2,1;788;0,0;180;0,0;0,0
02-12-18;10:31;6,3;92;5,1;3,4;5,8;156;0,0;0,0;996,5;167,1;21,1;61;5,8;3,8;6,3;0;0;0,00;0,00;2,8;803;0,0;135;0,0;0,0
02-12-18;10:36;6,3;92;5,1;2,0;5,8;156;0,0;0,0;996,5;167,1;21,1;61;3,4;4,9;6,3;0;0;0,00;0,00;3,8;819;0,0;158;0,0;0,0
02-12-18;10:41;6,3;92;5,1;3,1;6,1;140;0,0;0,0;996,5;167,1;21,1;61;6,1;4,0;6,3;0;0;0,00;0,00;3,0;834;0,0;135;0,0;0,0
02-12-18;10:46;6,3;92;5,1;3,7;6,1;140;0,0;0,0;996,3;167,1;21,1;61;5,1;3,6;6,3;0;0;0,00;0,00;2,6;848;0,0;135;0,0;0,0
02-12-18;10:51;6,3;92;5,1;3,1;6,1;135;3,6;0,3;996,2;167,4;21,1;61;4,4;4,0;6,3;0;0;0,00;0,00;3,0;862;0,0;135;0,0;0,3
02-12-18;10:56;6,3;92;5,1;2,7;5,1;147;0,0;0,3;996,1;167,4;21,1;61;3,7;4,3;6,3;0;0;0,00;0,00;3,3;875;0,0;180;0,0;0,3
02-12-18;11:01;6,3;92;5,1;2,4;4,4;163;3,6;0,6;995,9;167,7;21,1;61;3,7;4,5;6,3;0;0;0,00;0,00;3,5;888;0,0;180;0,0;0,6
02-12-18;11:06;6,3;92;5,1;4,1;5,1;145;0,0;0,6;996,0;167,7;21,1;61;5,1;3,4;6,3;0;0;0,00;0,00;2,3;900;0,0;90;0,0;0,6
02-12-18;11:11;6,3;92;5,1;3,4;5,1;149;0,0;0,6;995,8;167,7;21,1;61;5,1;3,8;6,3;0;0;0,00;0,00;2,8;912;0,0;180;0,0;0,6
02-12-18;11:16;6,3;92;5,1;3,4;5,1;144;0,0;0,6;995,9;167,7;21,1;61;5,1;3,8;6,3;0;0;0,00;0,00;2,8;923;0,0;158;0,0;0,6
02-12-18;11:21;6,3;92;5,1;3,1;5,1;172;0,0;0,6;996,0;167,7;21,1;60;4,4;4,0;6,3;0;0;0,00;0,00;3,0;933;0,0;180;0,0;0,6
02-12-18;11:26;6,3;92;5,1;3,4;5,4;172;0,0;0,6;995,7;167,7;21,1;60;5,4;3,8;6,3;0;0;0,00;0,00;2,8;943;0,0;180;0,0;0,6
02-12-18;11:31;6,3;92;5,1;2,0;5,4;200;0,0;0,6;995,7;167,7;21,1;60;3,4;4,9;6,3;0;0;0,00;0,00;3,8;953;0,0;270;0,0;0,6
02-12-18;11:36;6,3;93;5,3;1,4;5,4;202;0,0;0,6;995,6;167,7;21,1;60;3,1;6,3;6,3;0;0;0,00;0,00;4,2;962;0,0;180;0,0;0,6
02-12-18;11:41;6,3;93;5,3;2,7;5,1;203;0,0;0,6;995,6;167,7;21,1;60;5,1;4,3;6,3;0;0;0,00;0,00;3,3;970;0,0;180;0,0;0,6
02-12-18;11:46;6,3;93;5,3;3,4;5,1;181;0,0;0,6;995,6;167,7;21,1;60;4,8;3,8;6,3;0;0;0,00;0,00;2,8;978;0,0;180;0,0;0,6
02-12-18;11:51;6,3;93;5,3;1,4;5,1;181;0,0;0,6;995,4;167,7;21,1;60;2,7;6,3;6,3;0;0;0,00;0,00;4,2;985;0,0;180;0,0;0,6
02-12-18;11:56;6,3;93;5,3;2,4;4,8;181;0,0;0,6;995,2;167,7;21,1;60;3,7;4,5;6,3;0;0;0,00;0,00;3,5;992;0,0;180;0,0;0,6
02-12-18;12:01;6,3;93;5,3;2,7;4,1;162;0,0;0,6;995,2;167,7;21,1;60;4,1;4,3;6,3;0;0;0,00;0,00;3,3;998;0,0;135;0,0;0,6
02-12-18;12:06;6,3;93;5,3;2,7;4,1;148;0,0;0,6;994,9;167,7;21,1;60;4,1;4,3;6,3;0;0;0,00;0,00;3,3;1003;0,0;135;0,0;0,6
02-12-18;12:11;6,3;93;5,3;3,1;4,4;163;0,0;0,6;994,6;167,7;21,1;60;4,4;4,0;6,3;0;0;0,00;0,00;3,1;1008;0,0;225;0,0;0,6
02-12-18;12:16;6,3;93;5,3;2,7;4,4;182;0,0;0,6;994,9;167,7;21,1;60;3,4;4,3;6,3;0;0;0,00;0,00;3,3;1012;0,0;180;0,0;0,6
02-12-18;12:21;6,3;93;5,3;3,4;4,4;196;0,0;0,6;994,7;167,7;21,1;60;4,4;3,8;6,3;0;0;0,00;0,00;2,8;1016;0,0;180;0,0;0,6
02-12-18;12:26;6,3;93;5,3;2,7;4,4;181;3,6;0,9;994,7;168,0;21,2;60;4,1;4,3;6,3;0;0;0,00;0,00;3,3;1019;0,0;180;0,0;0,9
02-12-18;12:31;6,3;93;5,3;2,7;4,4;202;0,0;0,9;994,5;168,0;21,1;60;4,4;4,3;6,3;0;0;0,00;0,00;3,3;1022;0,0;248;0,0;0,9
02-12-18;12:36;6,3;93;5,3;2,4;4,4;197;3,6;1,2;994,5;168,3;21,2;60;3,7;4,5;6,3;0;0;0,00;0,00;3,5;1023;0,0;158;0,0;1,2
02-12-18;12:41;6,3;93;5,3;3,1;5,1;195;0,0;1,2;994,5;168,3;21,2;60;5,1;4,0;6,3;0;0;0,00;0,00;3,1;1025;0,0;180;0,0;1,2
02-12-18;12:46;6,3;93;5,3;3,1;5,1;158;0,0;1,2;994,4;168,3;21,2;60;4,4;4,0;6,3;0;0;0,00;0,00;3,1;1025;0,0;135;0,0;1,2
02-12-18;12:51;6,3;93;5,3;2,0;5,1;164;3,6;1,5;994,4;168,6;21,2;60;2,7;4,9;6,3;0;0;0,00;0,00;3,8;1025;0,0;180;0,0;1,5
02-12-18;12:56;6,3;93;5,3;2,0;4,4;167;3,6;1,8;994,2;168,9;21,2;60;3,1;4,9;6,3;0;0;0,00;0,00;3,8;1025;0,0;202;0,0;1,8
02-12-18;13:01;6,3;93;5,3;2,4;3,7;169;0,0;1,8;994,1;168,9;21,2;60;3,7;4,5;6,3;0;0;0,00;0,00;3,5;1024;0,0;135;0,0;1,8
02-12-18;13:06;6,3;93;5,3;2,4;4,1;190;0,0;1,8;994,2;168,9;21,2;60;4,1;4,5;6,3;0;0;0,00;0,00;3,5;1022;0,0;225;0,0;1,8
02-12-18;13:11;6,3;93;5,3;2,4;4,1;163;0,0;1,8;994,1;168,9;21,2;60;3,7;4,5;6,3;0;0;0,00;0,00;3,5;1019;0,0;135;0,0;1,8
02-12-18;13:16;6,3;93;5,3;3,7;5,1;182;0,0;1,8;994,2;168,9;21,2;61;5,1;3,6;6,3;0;0;0,00;0,00;2,6;1016;0,0;180;0,0;1,8
02-12-18;13:21;6,3;93;5,3;3,7;5,1;168;0,0;1,8;994,1;168,9;21,3;61;5,1;3,6;6,3;0;0;0,00;0,00;2,6;1013;0,0;180;0,0;1,8
02-12-18;13:26;6,3;93;5,3;2,0;5,1;173;3,6;2,1;994,1;169,2;21,3;61;4,1;4,9;6,3;0;0;0,00;0,00;3,8;1009;0,0;158;0,0;2,1
02-12-18;13:31;6,4;93;5,4;2,7;5,1;161;0,0;2,1;994,0;169,2;21,3;61;4,4;4,4;6,4;0;0;0,00;0,00;3,5;1004;0,0;360;0,0;2,1
02-12-18;13:36;6,3;93;5,3;1,7;4,4;170;0,0;2,1;994,1;169,2;21,3;61;3,1;5,2;6,3;0;0;0,00;0,00;4,0;999;0,0;202;0,0;2,1
02-12-18;13:41;6,3;93;5,3;1,7;4,4;259;0,0;2,1;993,8;169,2;21,3;61;3,1;5,2;6,3;0;0;0,00;0,00;4,0;993;0,0;225;0,0;2,1
02-12-18;13:46;6,4;93;5,4;2,4;4,1;219;0,0;2,1;994,0;169,2;21,3;61;4,1;4,6;6,4;0;0;0,00;0,00;3,7;986;0,0;225;0,0;2,1
02-12-18;13:51;6,3;93;5,3;2,7;4,4;225;3,6;2,4;994,0;169,5;21,3;61;4,4;4,3;6,3;0;0;0,00;0,00;3,3;979;0,0;225;0,0;2,4
02-12-18;13:56;6,3;93;5,3;3,1;4,8;210;0,0;2,4;993,8;169,5;21,3;61;4,8;4,0;6,3;0;0;0,00;0,00;3,1;971;0,0;180;0,0;2,4
02-12-18;14:01;6,3;93;5,3;3,4;4,8;195;3,6;2,7;993,9;169,8;21,3;61;4,4;3,8;6,3;0;0;0,00;0,00;2,8;963;0,0;180;0,0;2,7
02-12-18;14:06;6,3;93;5,3;3,4;4,8;181;0,0;2,7;993,9;169,8;21,3;61;4,4;3,8;6,3;0;0;0,00;0,00;2,8;954;0,0;180;0,0;2,7
02-12-18;14:11;6,3;93;5,3;2,0;4,4;181;3,6;3,0;993,7;170,1;21,3;62;3,4;4,9;6,3;0;0;0,00;0,00;3,8;945;0,0;180;0,0;3,0
02-12-18;14:16;6,3;93;5,3;2,0;4,4;181;0,0;3,0;993,7;170,1;21,3;62;3,4;4,9;6,3;0;0;0,00;0,00;3,8;935;0,0;180;0,0;3,0
02-12-18;14:21;6,3;93;5,3;2,7;5,1;170;3,6;3,3;993,8;170,4;21,3;62;5,1;4,3;6,3;0;0;0,00;0,00;3,3;924;0,0;158;0,0;3,3
02-12-18;14:26;6,3;93;5,3;3,7;5,1;155;0,0;3,3;993,5;170,4;21,3;62;4,8;3,6;6,3;0;0;0,00;0,00;2,6;913;0,0;135;0,0;3,3
02-12-18;14:31;6,3;93;5,3;3,1;5,1;158;3,6;3,6;993,6;170,7;21,4;62;5,1;4,0;6,3;0;0;0,00;0,00;3,1;902;0,0;180;0,0;3,6
02-12-18;14:36;6,3;93;5,3;2,7;5,1;165;0,0;3,6;993,6;170,7;21,3;61;4,4;4,3;6,3;0;0;0,00;0,00;3,3;889;0,0;180;0,0;3,6
02-12-18;14:41;6,3;93;5,3;3,1;5,1;164;3,6;3,9;993,3;171,0;21,3;61;5,1;4,0;6,3;0;0;0,00;0,00;3,1;877;0,0;135;0,0;3,9
02-12-18;14:46;6,3;93;5,3;2,4;5,1;166;3,6;4,2;993,4;171,3;21,3;61;3,1;4,5;6,3;0;0;0,00;0,00;3,5;864;0,0;315;0,0;4,2
02-12-18;14:51;6,3;93;5,3;2,7;5,1;135;0,0;4,2;993,4;171,3;21,3;61;5,1;4,3;6,3;0;0;0,00;0,00;3,3;850;0,0;135;0,0;4,2
02-12-18;14:56;6,3;93;5,3;2,4;5,1;135;3,6;4,5;993,4;171,6;21,3;61;3,4;4,5;6,3;0;0;0,00;0,00;3,5;836;0,0;135;0,0;4,5
02-12-18;15:01;6,3;93;5,3;3,1;5,1;164;0,0;4,5;993,2;171,6;21,3;61;4,8;4,0;6,3;0;0;0,00;0,00;3,1;821;0,0;225;0,0;4,5
02-12-18;15:06;6,3;93;5,3;2,0;4,8;170;3,6;4,8;993,3;171,9;21,3;61;3,4;4,9;6,3;0;0;0,00;0,00;3,8;806;0,0;135;0,0;4,8
02-12-18;15:11;6,3;93;5,3;3,1;4,8;186;0,0;4,8;993,2;171,9;21,3;61;3,7;4,0;6,3;0;0;0,00;0,00;3,1;790;0,0;180;0,0;4,8
02-12-18;15:16;6,3;93;5,3;1,7;3,7;164;0,0;4,8;993,1;171,9;21,3;61;2,7;5,2;6,3;0;0;0,00;0,00;4,0;774;0,0;180;0,0;4,8
02-12-18;15:21;6,3;93;5,3;2,0;3,7;181;3,6;5,1;993,2;172,2;21,3;61;3,1;4,9;6,3;0;0;0,00;0,00;3,8;757;0,0;180;0,0;5,1
02-12-18;15:26;6,3;93;5,3;1,7;3,1;173;0,0;5,1;993,1;172,2;21,3;61;2,7;5,2;6,3;0;0;0,00;0,00;4,0;740;0,0;158;0,0;5,1
02-12-18;15:31;6,3;93;5,3;2,7;4,1;164;0,0;5,1;992,9;172,2;21,3;61;4,1;4,3;6,3;0;0;0,00;0,00;3,3;723;0,0;158;0,0;5,1
02-12-18;15:36;6,3;93;5,3;2,0;4,1;164;0,0;5,1;993,1;172,2;21,3;61;2,7;4,9;6,3;0;0;0,00;0,00;3,8;705;0,0;180;0,0;5,1
02-12-18;15:55;6,3;93;5,3;2,0;4,1;164;0,0;5,1;992,8;172,2;23,0;63;2,7;4,9;6,3;0;0;0,00;0,00;3,8;635;0,0;180;0,0;5,1
